-0.821259 0.570515 0.0072939
-0.570456 -0.82128 0.00919006
0.0106766 0.00338657 0.999931
13
2
bedroom
showerroom
10
-11889.1 2572.2
-11889.1 3972.2
-10669.1 3972.2
-10669.1 3812.2
-9789.08 3812.2
-9789.08 -367.799
-10129.1 -367.799
-10129.1 -747.799
-11889.1 -747.799
-11889.1 2532.2
-1.737364e+03
9.337399e+02
4 2
0 0
1 0
1 1
0 1
0 2 3 -1 -1 -1 -1 -1 -1 -1
0 1 2 -1 -1 -1 -1 -1 -1 -1
4 2
0 0
1 0
1 1
0 1
0 2 3 -1 -1 -1 -1 -1 -1 -1
0 1 2 -1 -1 -1 -1 -1 -1 -1
4 2
0 0
1 0
1 1
0 1
0 2 3 -1 -1 -1 -1 -1 -1 -1
0 1 2 -1 -1 -1 -1 -1 -1 -1
4 2
0 0
1 0
1 1
0 1
0 2 3 -1 -1 -1 -1 -1 -1 -1
0 1 2 -1 -1 -1 -1 -1 -1 -1
10 8
0 0
1 0
1 1
0 1
0.03 0
0.22 0
0.22 0.94
0.22 1
0.03 1
0.03 0.94
0 8 3 -1 -1 -1 -1 -1 -1 -1
0 9 8 -1 -1 -1 -1 -1 -1 -1
0 4 9 -1 -1 -1 -1 -1 -1 -1
9 7 8 -1 -1 -1 -1 -1 -1 -1
9 6 7 -1 -1 -1 -1 -1 -1 -1
6 2 7 -1 -1 -1 -1 -1 -1 -1
5 2 6 -1 -1 -1 -1 -1 -1 -1
5 1 2 -1 -1 -1 -1 -1 -1 -1
4 2
0 0
1 0
1 1
0 1
0 2 3 -1 -1 -1 -1 -1 -1 -1
0 1 2 -1 -1 -1 -1 -1 -1 -1
4 2
0 0
1 0
1 1
0 1
0 2 3 -1 -1 -1 -1 -1 -1 -1
0 1 2 -1 -1 -1 -1 -1 -1 -1
4 2
0 0
1 0
1 1
0 1
0 2 3 -1 -1 -1 -1 -1 -1 -1
0 1 2 -1 -1 -1 -1 -1 -1 -1
4 2
0 0
1 0
1 1
0 1
0 2 3 -1 -1 -1 -1 -1 -1 -1
0 1 2 -1 -1 -1 -1 -1 -1 -1
4 2
0 0
1 0
1 1
0 1
0 2 3 -1 -1 -1 -1 -1 -1 -1
0 1 2 -1 -1 -1 -1 -1 -1 -1
8
0 9 3 -1 -1 -1 -1 -1 -1 -1
6 8 7 -1 -1 -1 -1 -1 -1 -1
1 0 3 -1 -1 -1 -1 -1 -1 -1
1 3 2 -1 -1 -1 -1 -1 -1 -1
3 9 4 -1 -1 -1 -1 -1 -1 -1
9 6 5 -1 -1 -1 -1 -1 -1 -1
9 8 6 -1 -1 -1 -1 -1 -1 -1
9 5 4 -1 -1 -1 -1 -1 -1 -1
8
0 3 9 -1 -1 -1 -1 -1 -1 -1
6 7 8 -1 -1 -1 -1 -1 -1 -1
1 3 0 -1 -1 -1 -1 -1 -1 -1
1 2 3 -1 -1 -1 -1 -1 -1 -1
3 4 9 -1 -1 -1 -1 -1 -1 -1
9 5 6 -1 -1 -1 -1 -1 -1 -1
9 6 8 -1 -1 -1 -1 -1 -1 -1
9 4 5 -1 -1 -1 -1 -1 -1 -1
2
bedroom
showerroom
6
-8669.08 8632.2
-8029.08 8632.2
-8029.08 7272.2
-9569.08 7272.2
-9569.08 8632.2
-8709.08 8632.2
-1.737364e+03
8.599111e+02
4 2
0 0
1 0
1 1
0 1
0 2 3 -1 -1 -1 -1 -1 -1 -1
0 1 2 -1 -1 -1 -1 -1 -1 -1
10 8
0 0
1 0
1 1
0 1
0.3 0
0.83 0
0.83 0.95
0.83 1
0.3 1
0.3 0.95
0 8 3 -1 -1 -1 -1 -1 -1 -1
0 9 8 -1 -1 -1 -1 -1 -1 -1
0 4 9 -1 -1 -1 -1 -1 -1 -1
9 7 8 -1 -1 -1 -1 -1 -1 -1
9 6 7 -1 -1 -1 -1 -1 -1 -1
6 2 7 -1 -1 -1 -1 -1 -1 -1
5 2 6 -1 -1 -1 -1 -1 -1 -1
5 1 2 -1 -1 -1 -1 -1 -1 -1
4 2
0 0
1 0
1 1
0 1
0 2 3 -1 -1 -1 -1 -1 -1 -1
0 1 2 -1 -1 -1 -1 -1 -1 -1
4 2
0 0
1 0
1 1
0 1
0 2 3 -1 -1 -1 -1 -1 -1 -1
0 1 2 -1 -1 -1 -1 -1 -1 -1
4 2
0 0
1 0
1 1
0 1
0 2 3 -1 -1 -1 -1 -1 -1 -1
0 1 2 -1 -1 -1 -1 -1 -1 -1
4 2
0 0
1 0
1 1
0 1
0 2 3 -1 -1 -1 -1 -1 -1 -1
0 1 2 -1 -1 -1 -1 -1 -1 -1
4
4 3 5 -1 -1 -1 -1 -1 -1 -1
3 2 5 -1 -1 -1 -1 -1 -1 -1
5 2 0 -1 -1 -1 -1 -1 -1 -1
2 1 0 -1 -1 -1 -1 -1 -1 -1
4
4 5 3 -1 -1 -1 -1 -1 -1 -1
3 5 2 -1 -1 -1 -1 -1 -1 -1
5 0 2 -1 -1 -1 -1 -1 -1 -1
2 0 1 -1 -1 -1 -1 -1 -1 -1
2
bedroom
showerroom
8
-5569.08 2572.2
-4249.08 2572.2
-4249.08 1692.2
-4089.08 1692.2
-4089.08 -747.799
-7049.08 -747.799
-7049.08 2572.2
-5609.08 2572.2
-1.737364e+03
8.335166e+02
10 8
0 0
1 0
1 1
0 1
0.31 0
0.89 0
0.89 0.94
0.89 1
0.31 1
0.31 0.94
0 8 3 -1 -1 -1 -1 -1 -1 -1
0 9 8 -1 -1 -1 -1 -1 -1 -1
0 4 9 -1 -1 -1 -1 -1 -1 -1
9 7 8 -1 -1 -1 -1 -1 -1 -1
9 6 7 -1 -1 -1 -1 -1 -1 -1
6 2 7 -1 -1 -1 -1 -1 -1 -1
5 2 6 -1 -1 -1 -1 -1 -1 -1
5 1 2 -1 -1 -1 -1 -1 -1 -1
4 2
0 0
1 0
1 1
0 1
0 2 3 -1 -1 -1 -1 -1 -1 -1
0 1 2 -1 -1 -1 -1 -1 -1 -1
4 2
0 0
1 0
1 1
0 1
0 2 3 -1 -1 -1 -1 -1 -1 -1
0 1 2 -1 -1 -1 -1 -1 -1 -1
4 2
0 0
1 0
1 1
0 1
0 2 3 -1 -1 -1 -1 -1 -1 -1
0 1 2 -1 -1 -1 -1 -1 -1 -1
4 2
0 0
1 0
1 1
0 1
0 2 3 -1 -1 -1 -1 -1 -1 -1
0 1 2 -1 -1 -1 -1 -1 -1 -1
4 2
0 0
1 0
1 1
0 1
0 2 3 -1 -1 -1 -1 -1 -1 -1
0 1 2 -1 -1 -1 -1 -1 -1 -1
4 2
0 0
1 0
1 1
0 1
0 2 3 -1 -1 -1 -1 -1 -1 -1
0 1 2 -1 -1 -1 -1 -1 -1 -1
4 2
0 0
1 0
1 1
0 1
0 2 3 -1 -1 -1 -1 -1 -1 -1
0 1 2 -1 -1 -1 -1 -1 -1 -1
6
5 7 6 -1 -1 -1 -1 -1 -1 -1
2 5 4 -1 -1 -1 -1 -1 -1 -1
0 7 2 -1 -1 -1 -1 -1 -1 -1
1 0 2 -1 -1 -1 -1 -1 -1 -1
7 5 2 -1 -1 -1 -1 -1 -1 -1
3 2 4 -1 -1 -1 -1 -1 -1 -1
6
5 6 7 -1 -1 -1 -1 -1 -1 -1
2 4 5 -1 -1 -1 -1 -1 -1 -1
0 2 7 -1 -1 -1 -1 -1 -1 -1
1 2 0 -1 -1 -1 -1 -1 -1 -1
7 2 5 -1 -1 -1 -1 -1 -1 -1
3 4 2 -1 -1 -1 -1 -1 -1 -1
2
bedroom
showerroom
8
-1289.08 2472.2
-1289.08 3752.2
-509.082 3752.2
-509.082 4432.2
1090.92 4432.2
1090.92 -987.799
-1289.08 -987.799
-1289.08 2432.2
-1.737364e+03
7.441596e+02
10 8
0 0
1 0
1 1
0 1
0.31 0
0.92 0
0.92 0.96
0.92 1
0.31 1
0.31 0.96
0 8 3 -1 -1 -1 -1 -1 -1 -1
0 9 8 -1 -1 -1 -1 -1 -1 -1
0 4 9 -1 -1 -1 -1 -1 -1 -1
9 7 8 -1 -1 -1 -1 -1 -1 -1
9 6 7 -1 -1 -1 -1 -1 -1 -1
6 2 7 -1 -1 -1 -1 -1 -1 -1
5 2 6 -1 -1 -1 -1 -1 -1 -1
5 1 2 -1 -1 -1 -1 -1 -1 -1
4 2
0 0
1 0
1 1
0 1
0 2 3 -1 -1 -1 -1 -1 -1 -1
0 1 2 -1 -1 -1 -1 -1 -1 -1
4 2
0 0
1 0
1 1
0 1
0 2 3 -1 -1 -1 -1 -1 -1 -1
0 1 2 -1 -1 -1 -1 -1 -1 -1
4 2
0 0
1 0
1 1
0 1
0 2 3 -1 -1 -1 -1 -1 -1 -1
0 1 2 -1 -1 -1 -1 -1 -1 -1
4 2
0 0
1 0
1 1
0 1
0 2 3 -1 -1 -1 -1 -1 -1 -1
0 1 2 -1 -1 -1 -1 -1 -1 -1
4 2
0 0
1 0
1 1
0 1
0 2 3 -1 -1 -1 -1 -1 -1 -1
0 1 2 -1 -1 -1 -1 -1 -1 -1
4 2
0 0
1 0
1 1
0 1
0 2 3 -1 -1 -1 -1 -1 -1 -1
0 1 2 -1 -1 -1 -1 -1 -1 -1
4 2
0 0
1 0
1 1
0 1
0 2 3 -1 -1 -1 -1 -1 -1 -1
0 1 2 -1 -1 -1 -1 -1 -1 -1
6
2 7 4 -1 -1 -1 -1 -1 -1 -1
7 6 5 -1 -1 -1 -1 -1 -1 -1
1 0 2 -1 -1 -1 -1 -1 -1 -1
2 4 3 -1 -1 -1 -1 -1 -1 -1
0 7 2 -1 -1 -1 -1 -1 -1 -1
7 5 4 -1 -1 -1 -1 -1 -1 -1
6
2 4 7 -1 -1 -1 -1 -1 -1 -1
7 5 6 -1 -1 -1 -1 -1 -1 -1
1 2 0 -1 -1 -1 -1 -1 -1 -1
2 3 4 -1 -1 -1 -1 -1 -1 -1
0 2 7 -1 -1 -1 -1 -1 -1 -1
7 4 5 -1 -1 -1 -1 -1 -1 -1
2
bedroom
showerroom
8
-1889.08 8892.2
1090.92 8892.2
1090.92 4532.2
-3269.08 4532.2
-3269.08 5112.2
-3909.08 5112.2
-3909.08 8892.2
-1929.08 8892.2
-1.737364e+03
7.480555e+02
4 2
0 0
1 0
1 1
0 1
0 2 3 -1 -1 -1 -1 -1 -1 -1
0 1 2 -1 -1 -1 -1 -1 -1 -1
4 2
0 0
1 0
1 1
0 1
0 2 3 -1 -1 -1 -1 -1 -1 -1
0 1 2 -1 -1 -1 -1 -1 -1 -1
4 2
0 0
1 0
1 1
0 1
0 2 3 -1 -1 -1 -1 -1 -1 -1
0 1 2 -1 -1 -1 -1 -1 -1 -1
4 2
0 0
1 0
1 1
0 1
0 2 3 -1 -1 -1 -1 -1 -1 -1
0 1 2 -1 -1 -1 -1 -1 -1 -1
4 2
0 0
1 0
1 1
0 1
0 2 3 -1 -1 -1 -1 -1 -1 -1
0 1 2 -1 -1 -1 -1 -1 -1 -1
10 8
0 0
1 0
1 1
0 1
0.025 0
0.23 0
0.23 0.97
0.23 1
0.025 1
0.025 0.97
0 8 3 -1 -1 -1 -1 -1 -1 -1
0 9 8 -1 -1 -1 -1 -1 -1 -1
0 4 9 -1 -1 -1 -1 -1 -1 -1
9 7 8 -1 -1 -1 -1 -1 -1 -1
9 6 7 -1 -1 -1 -1 -1 -1 -1
6 2 7 -1 -1 -1 -1 -1 -1 -1
5 2 6 -1 -1 -1 -1 -1 -1 -1
5 1 2 -1 -1 -1 -1 -1 -1 -1
4 2
0 0
1 0
1 1
0 1
0 2 3 -1 -1 -1 -1 -1 -1 -1
0 1 2 -1 -1 -1 -1 -1 -1 -1
4 2
0 0
1 0
1 1
0 1
0 2 3 -1 -1 -1 -1 -1 -1 -1
0 1 2 -1 -1 -1 -1 -1 -1 -1
6
4 6 5 -1 -1 -1 -1 -1 -1 -1
4 3 2 -1 -1 -1 -1 -1 -1 -1
0 4 2 -1 -1 -1 -1 -1 -1 -1
4 7 6 -1 -1 -1 -1 -1 -1 -1
4 0 7 -1 -1 -1 -1 -1 -1 -1
1 0 2 -1 -1 -1 -1 -1 -1 -1
6
4 5 6 -1 -1 -1 -1 -1 -1 -1
4 2 3 -1 -1 -1 -1 -1 -1 -1
0 2 4 -1 -1 -1 -1 -1 -1 -1
4 6 7 -1 -1 -1 -1 -1 -1 -1
4 7 0 -1 -1 -1 -1 -1 -1 -1
1 2 0 -1 -1 -1 -1 -1 -1 -1
2
bedroom
showerroom
6
-3209.08 -3727.8
-3989.08 -3727.8
-3989.08 -2167.8
-2189.08 -2167.8
-2189.08 -3727.8
-3169.08 -3727.8
-1.737364e+03
1.599978e+03
4 2
0 0
1 0
1 1
0 1
0 2 3 -1 -1 -1 -1 -1 -1 -1
0 1 2 -1 -1 -1 -1 -1 -1 -1
4 2
0 0
1 0
1 1
0 1
0 2 3 -1 -1 -1 -1 -1 -1 -1
0 1 2 -1 -1 -1 -1 -1 -1 -1
4 2
0 0
1 0
1 1
0 1
0 2 3 -1 -1 -1 -1 -1 -1 -1
0 1 2 -1 -1 -1 -1 -1 -1 -1
4 2
0 0
1 0
1 1
0 1
0 2 3 -1 -1 -1 -1 -1 -1 -1
0 1 2 -1 -1 -1 -1 -1 -1 -1
4 2
0 0
1 0
1 1
0 1
0 2 3 -1 -1 -1 -1 -1 -1 -1
0 1 2 -1 -1 -1 -1 -1 -1 -1
4 2
0 0
1 0
1 1
0 1
0 2 3 -1 -1 -1 -1 -1 -1 -1
0 1 2 -1 -1 -1 -1 -1 -1 -1
4
5 2 0 -1 -1 -1 -1 -1 -1 -1
2 1 0 -1 -1 -1 -1 -1 -1 -1
5 3 2 -1 -1 -1 -1 -1 -1 -1
4 3 5 -1 -1 -1 -1 -1 -1 -1
4
5 0 2 -1 -1 -1 -1 -1 -1 -1
2 0 1 -1 -1 -1 -1 -1 -1 -1
5 2 3 -1 -1 -1 -1 -1 -1 -1
4 5 3 -1 -1 -1 -1 -1 -1 -1
2
bedroom
showerroom
6
-9609.08 11552.2
-9609.08 14552.2
-6149.08 14552.2
-6149.08 10952.2
-9609.08 10952.2
-9609.08 11512.2
-1.737364e+03
8.632896e+02
4 2
0 0
1 0
1 1
0 1
0 2 3 -1 -1 -1 -1 -1 -1 -1
0 1 2 -1 -1 -1 -1 -1 -1 -1
4 2
0 0
1 0
1 1
0 1
0 2 3 -1 -1 -1 -1 -1 -1 -1
0 1 2 -1 -1 -1 -1 -1 -1 -1
4 2
0 0
1 0
1 1
0 1
0 2 3 -1 -1 -1 -1 -1 -1 -1
0 1 2 -1 -1 -1 -1 -1 -1 -1
10 8
0 0
1 0
1 1
0 1
0.019 0
0.44 0
0.44 0.95
0.44 1
0.019 1
0.019 0.95
0 8 3 -1 -1 -1 -1 -1 -1 -1
0 9 8 -1 -1 -1 -1 -1 -1 -1
0 4 9 -1 -1 -1 -1 -1 -1 -1
9 7 8 -1 -1 -1 -1 -1 -1 -1
9 6 7 -1 -1 -1 -1 -1 -1 -1
6 2 7 -1 -1 -1 -1 -1 -1 -1
5 2 6 -1 -1 -1 -1 -1 -1 -1
5 1 2 -1 -1 -1 -1 -1 -1 -1
4 2
0 0
1 0
1 1
0 1
0 2 3 -1 -1 -1 -1 -1 -1 -1
0 1 2 -1 -1 -1 -1 -1 -1 -1
4 2
0 0
1 0
1 1
0 1
0 2 3 -1 -1 -1 -1 -1 -1 -1
0 1 2 -1 -1 -1 -1 -1 -1 -1
4
1 0 2 -1 -1 -1 -1 -1 -1 -1
0 5 3 -1 -1 -1 -1 -1 -1 -1
5 4 3 -1 -1 -1 -1 -1 -1 -1
0 3 2 -1 -1 -1 -1 -1 -1 -1
4
1 2 0 -1 -1 -1 -1 -1 -1 -1
0 3 5 -1 -1 -1 -1 -1 -1 -1
5 3 4 -1 -1 -1 -1 -1 -1 -1
0 2 3 -1 -1 -1 -1 -1 -1 -1
2
bedroom
showerroom
8
-3969.08 9092.2
-5429.08 9092.2
-5429.08 9592.2
-6129.08 9592.2
-6129.08 14572.2
-1569.08 14572.2
-1569.08 9092.2
-3929.08 9092.2
-1.737364e+03
7.665056e+02
4 2
0 0
1 0
1 1
0 1
0 2 3 -1 -1 -1 -1 -1 -1 -1
0 1 2 -1 -1 -1 -1 -1 -1 -1
4 2
0 0
1 0
1 1
0 1
0 2 3 -1 -1 -1 -1 -1 -1 -1
0 1 2 -1 -1 -1 -1 -1 -1 -1
4 2
0 0
1 0
1 1
0 1
0 2 3 -1 -1 -1 -1 -1 -1 -1
0 1 2 -1 -1 -1 -1 -1 -1 -1
10 8
0 0
1 0
1 1
0 1
0.031 0
0.18 0
0.18 0.97
0.18 1
0.031 1
0.031 0.97
0 8 3 -1 -1 -1 -1 -1 -1 -1
0 9 8 -1 -1 -1 -1 -1 -1 -1
0 4 9 -1 -1 -1 -1 -1 -1 -1
9 7 8 -1 -1 -1 -1 -1 -1 -1
9 6 7 -1 -1 -1 -1 -1 -1 -1
6 2 7 -1 -1 -1 -1 -1 -1 -1
5 2 6 -1 -1 -1 -1 -1 -1 -1
5 1 2 -1 -1 -1 -1 -1 -1 -1
4 2
0 0
1 0
1 1
0 1
0 2 3 -1 -1 -1 -1 -1 -1 -1
0 1 2 -1 -1 -1 -1 -1 -1 -1
4 2
0 0
1 0
1 1
0 1
0 2 3 -1 -1 -1 -1 -1 -1 -1
0 1 2 -1 -1 -1 -1 -1 -1 -1
4 2
0 0
1 0
1 1
0 1
0 2 3 -1 -1 -1 -1 -1 -1 -1
0 1 2 -1 -1 -1 -1 -1 -1 -1
4 2
0 0
1 0
1 1
0 1
0 2 3 -1 -1 -1 -1 -1 -1 -1
0 1 2 -1 -1 -1 -1 -1 -1 -1
6
2 7 5 -1 -1 -1 -1 -1 -1 -1
3 2 4 -1 -1 -1 -1 -1 -1 -1
0 7 2 -1 -1 -1 -1 -1 -1 -1
2 5 4 -1 -1 -1 -1 -1 -1 -1
1 0 2 -1 -1 -1 -1 -1 -1 -1
7 6 5 -1 -1 -1 -1 -1 -1 -1
6
2 5 7 -1 -1 -1 -1 -1 -1 -1
3 4 2 -1 -1 -1 -1 -1 -1 -1
0 2 7 -1 -1 -1 -1 -1 -1 -1
2 4 5 -1 -1 -1 -1 -1 -1 -1
1 2 0 -1 -1 -1 -1 -1 -1 -1
7 5 6 -1 -1 -1 -1 -1 -1 -1
2
bedroom
showerroom
10
-10869.1 6372.2
-7889.08 6372.2
-7889.08 5032.2
-8609.08 5032.2
-8609.08 4132.2
-10189.1 4132.2
-10189.1 4572.2
-11209.1 4572.2
-11209.1 6372.2
-10909.1 6372.2
-1.737364e+03
8.784134e+02
4 2
0 0
1 0
1 1
0 1
0 2 3 -1 -1 -1 -1 -1 -1 -1
0 1 2 -1 -1 -1 -1 -1 -1 -1
4 2
0 0
1 0
1 1
0 1
0 2 3 -1 -1 -1 -1 -1 -1 -1
0 1 2 -1 -1 -1 -1 -1 -1 -1
4 2
0 0
1 0
1 1
0 1
0 2 3 -1 -1 -1 -1 -1 -1 -1
0 1 2 -1 -1 -1 -1 -1 -1 -1
4 2
0 0
1 0
1 1
0 1
0 2 3 -1 -1 -1 -1 -1 -1 -1
0 1 2 -1 -1 -1 -1 -1 -1 -1
10 8
0 0
1 0
1 1
0 1
0.04 0
0.51 0
0.51 0.96
0.51 1
0.04 1
0.04 0.96
0 8 3 -1 -1 -1 -1 -1 -1 -1
0 9 8 -1 -1 -1 -1 -1 -1 -1
0 4 9 -1 -1 -1 -1 -1 -1 -1
9 7 8 -1 -1 -1 -1 -1 -1 -1
9 6 7 -1 -1 -1 -1 -1 -1 -1
6 2 7 -1 -1 -1 -1 -1 -1 -1
5 2 6 -1 -1 -1 -1 -1 -1 -1
5 1 2 -1 -1 -1 -1 -1 -1 -1
4 2
0 0
1 0
1 1
0 1
0 2 3 -1 -1 -1 -1 -1 -1 -1
0 1 2 -1 -1 -1 -1 -1 -1 -1
4 2
0 0
1 0
1 1
0 1
0 2 3 -1 -1 -1 -1 -1 -1 -1
0 1 2 -1 -1 -1 -1 -1 -1 -1
4 2
0 0
1 0
1 1
0 1
0 2 3 -1 -1 -1 -1 -1 -1 -1
0 1 2 -1 -1 -1 -1 -1 -1 -1
4 2
0 0
1 0
1 1
0 1
0 2 3 -1 -1 -1 -1 -1 -1 -1
0 1 2 -1 -1 -1 -1 -1 -1 -1
4 2
0 0
1 0
1 1
0 1
0 2 3 -1 -1 -1 -1 -1 -1 -1
0 1 2 -1 -1 -1 -1 -1 -1 -1
8
7 9 8 -1 -1 -1 -1 -1 -1 -1
7 0 9 -1 -1 -1 -1 -1 -1 -1
6 3 0 -1 -1 -1 -1 -1 -1 -1
3 1 0 -1 -1 -1 -1 -1 -1 -1
7 6 0 -1 -1 -1 -1 -1 -1 -1
5 4 6 -1 -1 -1 -1 -1 -1 -1
3 6 4 -1 -1 -1 -1 -1 -1 -1
3 2 1 -1 -1 -1 -1 -1 -1 -1
8
7 8 9 -1 -1 -1 -1 -1 -1 -1
7 9 0 -1 -1 -1 -1 -1 -1 -1
6 0 3 -1 -1 -1 -1 -1 -1 -1
3 0 1 -1 -1 -1 -1 -1 -1 -1
7 0 6 -1 -1 -1 -1 -1 -1 -1
5 6 4 -1 -1 -1 -1 -1 -1 -1
3 4 6 -1 -1 -1 -1 -1 -1 -1
3 1 2 -1 -1 -1 -1 -1 -1 -1
2
bedroom
showerroom
8
-9669.08 1272.2
-9669.08 1732.2
-9489.08 1732.2
-9489.08 2572.2
-7209.08 2572.2
-7209.08 -707.799
-9669.08 -707.799
-9669.08 1232.2
-1.737364e+03
8.985835e+02
4 2
0 0
1 0
1 1
0 1
0 2 3 -1 -1 -1 -1 -1 -1 -1
0 1 2 -1 -1 -1 -1 -1 -1 -1
4 2
0 0
1 0
1 1
0 1
0 2 3 -1 -1 -1 -1 -1 -1 -1
0 1 2 -1 -1 -1 -1 -1 -1 -1
4 2
0 0
1 0
1 1
0 1
0 2 3 -1 -1 -1 -1 -1 -1 -1
0 1 2 -1 -1 -1 -1 -1 -1 -1
10 8
0 0
1 0
1 1
0 1
0.034 0
0.38 0
0.38 0.95
0.38 1
0.034 1
0.034 0.95
0 8 3 -1 -1 -1 -1 -1 -1 -1
0 9 8 -1 -1 -1 -1 -1 -1 -1
0 4 9 -1 -1 -1 -1 -1 -1 -1
9 7 8 -1 -1 -1 -1 -1 -1 -1
9 6 7 -1 -1 -1 -1 -1 -1 -1
6 2 7 -1 -1 -1 -1 -1 -1 -1
5 2 6 -1 -1 -1 -1 -1 -1 -1
5 1 2 -1 -1 -1 -1 -1 -1 -1
4 2
0 0
1 0
1 1
0 1
0 2 3 -1 -1 -1 -1 -1 -1 -1
0 1 2 -1 -1 -1 -1 -1 -1 -1
4 2
0 0
1 0
1 1
0 1
0 2 3 -1 -1 -1 -1 -1 -1 -1
0 1 2 -1 -1 -1 -1 -1 -1 -1
4 2
0 0
1 0
1 1
0 1
0 2 3 -1 -1 -1 -1 -1 -1 -1
0 1 2 -1 -1 -1 -1 -1 -1 -1
4 2
0 0
1 0
1 1
0 1
0 2 3 -1 -1 -1 -1 -1 -1 -1
0 1 2 -1 -1 -1 -1 -1 -1 -1
6
2 7 5 -1 -1 -1 -1 -1 -1 -1
7 6 5 -1 -1 -1 -1 -1 -1 -1
2 0 7 -1 -1 -1 -1 -1 -1 -1
3 2 4 -1 -1 -1 -1 -1 -1 -1
1 0 2 -1 -1 -1 -1 -1 -1 -1
2 5 4 -1 -1 -1 -1 -1 -1 -1
6
2 5 7 -1 -1 -1 -1 -1 -1 -1
7 5 6 -1 -1 -1 -1 -1 -1 -1
2 7 0 -1 -1 -1 -1 -1 -1 -1
3 4 2 -1 -1 -1 -1 -1 -1 -1
1 2 0 -1 -1 -1 -1 -1 -1 -1
2 4 5 -1 -1 -1 -1 -1 -1 -1
2
bedroom
showerroom
8
-1909.08 2572.2
-1829.08 2572.2
-1829.08 -747.799
-3929.08 -747.799
-3929.08 1672.2
-3769.08 1672.2
-3769.08 2572.2
-1949.08 2572.2
-1.737364e+03
7.943577e+02
4 2
0 0
1 0
1 1
0 1
0 2 3 -1 -1 -1 -1 -1 -1 -1
0 1 2 -1 -1 -1 -1 -1 -1 -1
4 2
0 0
1 0
1 1
0 1
0 2 3 -1 -1 -1 -1 -1 -1 -1
0 1 2 -1 -1 -1 -1 -1 -1 -1
4 2
0 0
1 0
1 1
0 1
0 2 3 -1 -1 -1 -1 -1 -1 -1
0 1 2 -1 -1 -1 -1 -1 -1 -1
4 2
0 0
1 0
1 1
0 1
0 2 3 -1 -1 -1 -1 -1 -1 -1
0 1 2 -1 -1 -1 -1 -1 -1 -1
4 2
0 0
1 0
1 1
0 1
0 2 3 -1 -1 -1 -1 -1 -1 -1
0 1 2 -1 -1 -1 -1 -1 -1 -1
4 2
0 0
1 0
1 1
0 1
0 2 3 -1 -1 -1 -1 -1 -1 -1
0 1 2 -1 -1 -1 -1 -1 -1 -1
10 8
0 0
1 0
1 1
0 1
0.028 0
0.45 0
0.45 0.96
0.45 1
0.028 1
0.028 0.96
0 8 3 -1 -1 -1 -1 -1 -1 -1
0 9 8 -1 -1 -1 -1 -1 -1 -1
0 4 9 -1 -1 -1 -1 -1 -1 -1
9 7 8 -1 -1 -1 -1 -1 -1 -1
9 6 7 -1 -1 -1 -1 -1 -1 -1
6 2 7 -1 -1 -1 -1 -1 -1 -1
5 2 6 -1 -1 -1 -1 -1 -1 -1
5 1 2 -1 -1 -1 -1 -1 -1 -1
4 2
0 0
1 0
1 1
0 1
0 2 3 -1 -1 -1 -1 -1 -1 -1
0 1 2 -1 -1 -1 -1 -1 -1 -1
6
3 5 4 -1 -1 -1 -1 -1 -1 -1
7 5 2 -1 -1 -1 -1 -1 -1 -1
0 7 2 -1 -1 -1 -1 -1 -1 -1
5 7 6 -1 -1 -1 -1 -1 -1 -1
5 3 2 -1 -1 -1 -1 -1 -1 -1
1 0 2 -1 -1 -1 -1 -1 -1 -1
6
3 4 5 -1 -1 -1 -1 -1 -1 -1
7 2 5 -1 -1 -1 -1 -1 -1 -1
0 2 7 -1 -1 -1 -1 -1 -1 -1
5 6 7 -1 -1 -1 -1 -1 -1 -1
5 2 3 -1 -1 -1 -1 -1 -1 -1
1 2 0 -1 -1 -1 -1 -1 -1 -1
2
bedroom
showerroom
6
-9589.08 10752.2
-9589.08 10912.2
-6149.08 10912.2
-6149.08 9092.2
-9589.08 9092.2
-9589.08 10712.2
-1.737364e+03
8.475457e+02
4 2
0 0
1 0
1 1
0 1
0 2 3 -1 -1 -1 -1 -1 -1 -1
0 1 2 -1 -1 -1 -1 -1 -1 -1
10 8
0 0
1 0
1 1
0 1
0.56 0
0.98 0
0.98 0.95
0.98 1
0.56 1
0.56 0.95
0 8 3 -1 -1 -1 -1 -1 -1 -1
0 9 8 -1 -1 -1 -1 -1 -1 -1
0 4 9 -1 -1 -1 -1 -1 -1 -1
9 7 8 -1 -1 -1 -1 -1 -1 -1
9 6 7 -1 -1 -1 -1 -1 -1 -1
6 2 7 -1 -1 -1 -1 -1 -1 -1
5 2 6 -1 -1 -1 -1 -1 -1 -1
5 1 2 -1 -1 -1 -1 -1 -1 -1
10 8
0 0
1 0
1 1
0 1
0.22 0
0.64 0
0.64 0.94
0.64 1
0.22 1
0.22 0.94
0 8 3 -1 -1 -1 -1 -1 -1 -1
0 9 8 -1 -1 -1 -1 -1 -1 -1
0 4 9 -1 -1 -1 -1 -1 -1 -1
9 7 8 -1 -1 -1 -1 -1 -1 -1
9 6 7 -1 -1 -1 -1 -1 -1 -1
6 2 7 -1 -1 -1 -1 -1 -1 -1
5 2 6 -1 -1 -1 -1 -1 -1 -1
5 1 2 -1 -1 -1 -1 -1 -1 -1
10 8
0 0
1 0
1 1
0 1
0.025 0
0.44 0
0.44 0.97
0.44 1
0.025 1
0.025 0.97
0 8 3 -1 -1 -1 -1 -1 -1 -1
0 9 8 -1 -1 -1 -1 -1 -1 -1
0 4 9 -1 -1 -1 -1 -1 -1 -1
9 7 8 -1 -1 -1 -1 -1 -1 -1
9 6 7 -1 -1 -1 -1 -1 -1 -1
6 2 7 -1 -1 -1 -1 -1 -1 -1
5 2 6 -1 -1 -1 -1 -1 -1 -1
5 1 2 -1 -1 -1 -1 -1 -1 -1
4 2
0 0
1 0
1 1
0 1
0 2 3 -1 -1 -1 -1 -1 -1 -1
0 1 2 -1 -1 -1 -1 -1 -1 -1
4 2
0 0
1 0
1 1
0 1
0 2 3 -1 -1 -1 -1 -1 -1 -1
0 1 2 -1 -1 -1 -1 -1 -1 -1
4
1 0 2 -1 -1 -1 -1 -1 -1 -1
0 5 2 -1 -1 -1 -1 -1 -1 -1
5 4 3 -1 -1 -1 -1 -1 -1 -1
5 3 2 -1 -1 -1 -1 -1 -1 -1
4
1 2 0 -1 -1 -1 -1 -1 -1 -1
0 2 5 -1 -1 -1 -1 -1 -1 -1
5 3 4 -1 -1 -1 -1 -1 -1 -1
5 2 3 -1 -1 -1 -1 -1 -1 -1
2
bedroom
showerroom
10
-4069.08 8252.2
-4069.08 3932.2
-1409.08 3932.2
-1409.08 2692.2
-9649.08 2692.2
-9649.08 4012.2
-7729.08 4012.2
-7729.08 8932.2
-4069.08 8932.2
-4069.08 8292.2
-1.737364e+03
8.084289e+02
10 8
0 0
1 0
1 1
0 1
0.52 0
0.7 0
0.7 0.94
0.7 1
0.52 1
0.52 0.94
0 8 3 -1 -1 -1 -1 -1 -1 -1
0 9 8 -1 -1 -1 -1 -1 -1 -1
0 4 9 -1 -1 -1 -1 -1 -1 -1
9 7 8 -1 -1 -1 -1 -1 -1 -1
9 6 7 -1 -1 -1 -1 -1 -1 -1
6 2 7 -1 -1 -1 -1 -1 -1 -1
5 2 6 -1 -1 -1 -1 -1 -1 -1
5 1 2 -1 -1 -1 -1 -1 -1 -1
4 2
0 0
1 0
1 1
0 1
0 2 3 -1 -1 -1 -1 -1 -1 -1
0 1 2 -1 -1 -1 -1 -1 -1 -1
10 8
0 0
1 0
1 1
0 1
0.23 0
0.86 0
0.86 0.94
0.86 1
0.23 1
0.23 0.94
0 8 3 -1 -1 -1 -1 -1 -1 -1
0 9 8 -1 -1 -1 -1 -1 -1 -1
0 4 9 -1 -1 -1 -1 -1 -1 -1
9 7 8 -1 -1 -1 -1 -1 -1 -1
9 6 7 -1 -1 -1 -1 -1 -1 -1
6 2 7 -1 -1 -1 -1 -1 -1 -1
5 2 6 -1 -1 -1 -1 -1 -1 -1
5 1 2 -1 -1 -1 -1 -1 -1 -1
22 20
0 0
1 0
1 1
0 1
0.19 0
0.28 0
0.28 0.95
0.28 1
0.19 1
0.19 0.95
0.36 0
0.45 0
0.45 0.95
0.45 1
0.36 1
0.36 0.95
0.88 0
0.97 0
0.97 0.98
0.97 1
0.88 1
0.88 0.98
0 8 3 -1 -1 -1 -1 -1 -1 -1
0 9 8 -1 -1 -1 -1 -1 -1 -1
0 4 9 -1 -1 -1 -1 -1 -1 -1
9 7 8 -1 -1 -1 -1 -1 -1 -1
9 6 7 -1 -1 -1 -1 -1 -1 -1
6 14 7 -1 -1 -1 -1 -1 -1 -1
5 14 6 -1 -1 -1 -1 -1 -1 -1
5 15 14 -1 -1 -1 -1 -1 -1 -1
5 10 15 -1 -1 -1 -1 -1 -1 -1
15 13 14 -1 -1 -1 -1 -1 -1 -1
15 12 13 -1 -1 -1 -1 -1 -1 -1
12 20 13 -1 -1 -1 -1 -1 -1 -1
11 20 12 -1 -1 -1 -1 -1 -1 -1
11 21 20 -1 -1 -1 -1 -1 -1 -1
11 16 21 -1 -1 -1 -1 -1 -1 -1
21 19 20 -1 -1 -1 -1 -1 -1 -1
21 18 19 -1 -1 -1 -1 -1 -1 -1
18 2 19 -1 -1 -1 -1 -1 -1 -1
17 2 18 -1 -1 -1 -1 -1 -1 -1
17 1 2 -1 -1 -1 -1 -1 -1 -1
10 8
0 0
1 0
1 1
0 1
0.16 0
0.75 0
0.75 0.98
0.75 1
0.16 1
0.16 0.98
0 8 3 -1 -1 -1 -1 -1 -1 -1
0 9 8 -1 -1 -1 -1 -1 -1 -1
0 4 9 -1 -1 -1 -1 -1 -1 -1
9 7 8 -1 -1 -1 -1 -1 -1 -1
9 6 7 -1 -1 -1 -1 -1 -1 -1
6 2 7 -1 -1 -1 -1 -1 -1 -1
5 2 6 -1 -1 -1 -1 -1 -1 -1
5 1 2 -1 -1 -1 -1 -1 -1 -1
10 8
0 0
1 0
1 1
0 1
0.12 0
0.51 0
0.51 0.98
0.51 1
0.12 1
0.12 0.98
0 8 3 -1 -1 -1 -1 -1 -1 -1
0 9 8 -1 -1 -1 -1 -1 -1 -1
0 4 9 -1 -1 -1 -1 -1 -1 -1
9 7 8 -1 -1 -1 -1 -1 -1 -1
9 6 7 -1 -1 -1 -1 -1 -1 -1
6 2 7 -1 -1 -1 -1 -1 -1 -1
5 2 6 -1 -1 -1 -1 -1 -1 -1
5 1 2 -1 -1 -1 -1 -1 -1 -1
10 8
0 0
1 0
1 1
0 1
0.71 0
0.86 0
0.86 0.97
0.86 1
0.71 1
0.71 0.97
0 8 3 -1 -1 -1 -1 -1 -1 -1
0 9 8 -1 -1 -1 -1 -1 -1 -1
0 4 9 -1 -1 -1 -1 -1 -1 -1
9 7 8 -1 -1 -1 -1 -1 -1 -1
9 6 7 -1 -1 -1 -1 -1 -1 -1
6 2 7 -1 -1 -1 -1 -1 -1 -1
5 2 6 -1 -1 -1 -1 -1 -1 -1
5 1 2 -1 -1 -1 -1 -1 -1 -1
10 8
0 0
1 0
1 1
0 1
0.015 0
0.41 0
0.41 0.98
0.41 1
0.015 1
0.015 0.98
0 8 3 -1 -1 -1 -1 -1 -1 -1
0 9 8 -1 -1 -1 -1 -1 -1 -1
0 4 9 -1 -1 -1 -1 -1 -1 -1
9 7 8 -1 -1 -1 -1 -1 -1 -1
9 6 7 -1 -1 -1 -1 -1 -1 -1
6 2 7 -1 -1 -1 -1 -1 -1 -1
5 2 6 -1 -1 -1 -1 -1 -1 -1
5 1 2 -1 -1 -1 -1 -1 -1 -1
4 2
0 0
1 0
1 1
0 1
0 2 3 -1 -1 -1 -1 -1 -1 -1
0 1 2 -1 -1 -1 -1 -1 -1 -1
4 2
0 0
1 0
1 1
0 1
0 2 3 -1 -1 -1 -1 -1 -1 -1
0 1 2 -1 -1 -1 -1 -1 -1 -1
8
4 1 6 -1 -1 -1 -1 -1 -1 -1
4 6 5 -1 -1 -1 -1 -1 -1 -1
3 1 4 -1 -1 -1 -1 -1 -1 -1
6 0 7 -1 -1 -1 -1 -1 -1 -1
2 1 3 -1 -1 -1 -1 -1 -1 -1
9 8 7 -1 -1 -1 -1 -1 -1 -1
7 0 9 -1 -1 -1 -1 -1 -1 -1
6 1 0 -1 -1 -1 -1 -1 -1 -1
8
4 6 1 -1 -1 -1 -1 -1 -1 -1
4 5 6 -1 -1 -1 -1 -1 -1 -1
3 4 1 -1 -1 -1 -1 -1 -1 -1
6 7 0 -1 -1 -1 -1 -1 -1 -1
2 3 1 -1 -1 -1 -1 -1 -1 -1
9 7 8 -1 -1 -1 -1 -1 -1 -1
7 9 0 -1 -1 -1 -1 -1 -1 -1
6 0 1 -1 -1 -1 -1 -1 -1 -1
11
0 4 12 4
4 5 6 9
4 5 6 9
0 6 3 -1 -1 -1 -1 -1 -1
0 5 6 -1 -1 -1 -1 -1 -1
4 2 7 -1 -1 -1 -1 -1 -1
4 1 2 -1 -1 -1 -1 -1 -1
5 1 4 -1 -1 -1 -1 -1 -1
5 0 1 -1 -1 -1 -1 -1 -1
3 7 2 -1 -1 -1 -1 -1 -1
3 6 7 -1 -1 -1 -1 -1 -1
1 1 12 6
4 5 6 9
4 5 6 9
0 6 3 -1 -1 -1 -1 -1 -1
0 5 6 -1 -1 -1 -1 -1 -1
4 2 7 -1 -1 -1 -1 -1 -1
4 1 2 -1 -1 -1 -1 -1 -1
5 1 4 -1 -1 -1 -1 -1 -1
5 0 1 -1 -1 -1 -1 -1 -1
3 7 2 -1 -1 -1 -1 -1 -1
3 6 7 -1 -1 -1 -1 -1 -1
2 0 12 3
4 5 6 9
10 11 12 15
0 6 3 -1 -1 -1 -1 -1 -1
0 5 6 -1 -1 -1 -1 -1 -1
4 2 7 -1 -1 -1 -1 -1 -1
4 1 2 -1 -1 -1 -1 -1 -1
5 1 4 -1 -1 -1 -1 -1 -1
5 0 1 -1 -1 -1 -1 -1 -1
3 7 2 -1 -1 -1 -1 -1 -1
3 6 7 -1 -1 -1 -1 -1 -1
3 0 12 2
4 5 6 9
4 5 6 9
0 6 3 -1 -1 -1 -1 -1 -1
0 5 6 -1 -1 -1 -1 -1 -1
4 2 7 -1 -1 -1 -1 -1 -1
4 1 2 -1 -1 -1 -1 -1 -1
5 1 4 -1 -1 -1 -1 -1 -1
5 0 1 -1 -1 -1 -1 -1 -1
3 7 2 -1 -1 -1 -1 -1 -1
3 6 7 -1 -1 -1 -1 -1 -1
4 5 12 0
4 5 6 9
4 5 6 9
0 6 3 -1 -1 -1 -1 -1 -1
0 5 6 -1 -1 -1 -1 -1 -1
4 2 7 -1 -1 -1 -1 -1 -1
4 1 2 -1 -1 -1 -1 -1 -1
5 1 4 -1 -1 -1 -1 -1 -1
5 0 1 -1 -1 -1 -1 -1 -1
3 7 2 -1 -1 -1 -1 -1 -1
3 6 7 -1 -1 -1 -1 -1 -1
6 3 11 1
4 5 6 9
4 5 6 9
0 6 3 -1 -1 -1 -1 -1 -1
0 5 6 -1 -1 -1 -1 -1 -1
4 2 7 -1 -1 -1 -1 -1 -1
4 1 2 -1 -1 -1 -1 -1 -1
5 1 4 -1 -1 -1 -1 -1 -1
5 0 1 -1 -1 -1 -1 -1 -1
3 7 2 -1 -1 -1 -1 -1 -1
3 6 7 -1 -1 -1 -1 -1 -1
7 3 11 2
4 5 6 9
4 5 6 9
0 6 3 -1 -1 -1 -1 -1 -1
0 5 6 -1 -1 -1 -1 -1 -1
4 2 7 -1 -1 -1 -1 -1 -1
4 1 2 -1 -1 -1 -1 -1 -1
5 1 4 -1 -1 -1 -1 -1 -1
5 0 1 -1 -1 -1 -1 -1 -1
3 7 2 -1 -1 -1 -1 -1 -1
3 6 7 -1 -1 -1 -1 -1 -1
8 4 12 5
4 5 6 9
4 5 6 9
0 6 3 -1 -1 -1 -1 -1 -1
0 5 6 -1 -1 -1 -1 -1 -1
4 2 7 -1 -1 -1 -1 -1 -1
4 1 2 -1 -1 -1 -1 -1 -1
5 1 4 -1 -1 -1 -1 -1 -1
5 0 1 -1 -1 -1 -1 -1 -1
3 7 2 -1 -1 -1 -1 -1 -1
3 6 7 -1 -1 -1 -1 -1 -1
9 3 12 3
4 5 6 9
16 17 18 21
0 6 3 -1 -1 -1 -1 -1 -1
0 5 6 -1 -1 -1 -1 -1 -1
4 2 7 -1 -1 -1 -1 -1 -1
4 1 2 -1 -1 -1 -1 -1 -1
5 1 4 -1 -1 -1 -1 -1 -1
5 0 1 -1 -1 -1 -1 -1 -1
3 7 2 -1 -1 -1 -1 -1 -1
3 6 7 -1 -1 -1 -1 -1 -1
10 6 12 3
4 5 6 9
4 5 6 9
0 6 3 -1 -1 -1 -1 -1 -1
0 5 6 -1 -1 -1 -1 -1 -1
4 2 7 -1 -1 -1 -1 -1 -1
4 1 2 -1 -1 -1 -1 -1 -1
5 1 4 -1 -1 -1 -1 -1 -1
5 0 1 -1 -1 -1 -1 -1 -1
3 7 2 -1 -1 -1 -1 -1 -1
3 6 7 -1 -1 -1 -1 -1 -1
11 3 12 7
4 5 6 9
4 5 6 9
0 6 3 -1 -1 -1 -1 -1 -1
0 5 6 -1 -1 -1 -1 -1 -1
4 2 7 -1 -1 -1 -1 -1 -1
4 1 2 -1 -1 -1 -1 -1 -1
5 1 4 -1 -1 -1 -1 -1 -1
5 0 1 -1 -1 -1 -1 -1 -1
3 7 2 -1 -1 -1 -1 -1 -1
3 6 7 -1 -1 -1 -1 -1 -1
