-0.739041 -0.673542 0.0122349
0.673379 -0.739144 -0.0147177
0.0194607 -0.00263826 0.999817
4
2
bedroom
showerroom
6
-16684.8 -11445.9
-16684.8 -8565.85
-13644.8 -8565.85
-13644.8 -12045.9
-16684.8 -12045.9
-16684.8 -11525.9
-1.695867e+03
2.186886e+03
4 2
0 0
1 0
1 1
0 1
0 2 3 -1 -1 -1 -1 -1 -1 -1
0 1 2 -1 -1 -1 -1 -1 -1 -1
4 2
0 0
1 0
1 1
0 1
0 2 3 -1 -1 -1 -1 -1 -1 -1
0 1 2 -1 -1 -1 -1 -1 -1 -1
10 8
0 0
1 0
1 1
0 1
0.46 0
0.93 0
0.93 0.6
0.93 1
0.46 1
0.46 0.6
0 8 3 -1 -1 -1 -1 -1 -1 -1
0 9 8 -1 -1 -1 -1 -1 -1 -1
0 4 9 -1 -1 -1 -1 -1 -1 -1
9 7 8 -1 -1 -1 -1 -1 -1 -1
9 6 7 -1 -1 -1 -1 -1 -1 -1
6 2 7 -1 -1 -1 -1 -1 -1 -1
5 2 6 -1 -1 -1 -1 -1 -1 -1
5 1 2 -1 -1 -1 -1 -1 -1 -1
4 2
0 0
1 0
1 1
0 1
0 2 3 -1 -1 -1 -1 -1 -1 -1
0 1 2 -1 -1 -1 -1 -1 -1 -1
4 2
0 0
1 0
1 1
0 1
0 2 3 -1 -1 -1 -1 -1 -1 -1
0 1 2 -1 -1 -1 -1 -1 -1 -1
4 2
0 0
1 0
1 1
0 1
0 2 3 -1 -1 -1 -1 -1 -1 -1
0 1 2 -1 -1 -1 -1 -1 -1 -1
4
1 0 2 -1 -1 -1 -1 -1 -1 -1
0 5 3 -1 -1 -1 -1 -1 -1 -1
5 4 3 -1 -1 -1 -1 -1 -1 -1
0 3 2 -1 -1 -1 -1 -1 -1 -1
4
1 2 0 -1 -1 -1 -1 -1 -1 -1
0 3 5 -1 -1 -1 -1 -1 -1 -1
5 3 4 -1 -1 -1 -1 -1 -1 -1
0 2 3 -1 -1 -1 -1 -1 -1 -1
2
bedroom
showerroom
8
-14724.8 1434.15
-14724.8 2354.15
-10924.8 2354.15
-10924.8 954.145
-11684.8 954.145
-11684.8 -2045.85
-14724.8 -2045.85
-14724.8 1354.15
-1.695867e+03
2.200503e+03
4 2
0 0
1 0
1 1
0 1
0 2 3 -1 -1 -1 -1 -1 -1 -1
0 1 2 -1 -1 -1 -1 -1 -1 -1
4 2
0 0
1 0
1 1
0 1
0 2 3 -1 -1 -1 -1 -1 -1 -1
0 1 2 -1 -1 -1 -1 -1 -1 -1
4 2
0 0
1 0
1 1
0 1
0 2 3 -1 -1 -1 -1 -1 -1 -1
0 1 2 -1 -1 -1 -1 -1 -1 -1
4 2
0 0
1 0
1 1
0 1
0 2 3 -1 -1 -1 -1 -1 -1 -1
0 1 2 -1 -1 -1 -1 -1 -1 -1
4 2
0 0
1 0
1 1
0 1
0 2 3 -1 -1 -1 -1 -1 -1 -1
0 1 2 -1 -1 -1 -1 -1 -1 -1
10 8
0 0
1 0
1 1
0 1
0.24 0
0.49 0
0.49 0.58
0.49 1
0.24 1
0.24 0.58
0 8 3 -1 -1 -1 -1 -1 -1 -1
0 9 8 -1 -1 -1 -1 -1 -1 -1
0 4 9 -1 -1 -1 -1 -1 -1 -1
9 7 8 -1 -1 -1 -1 -1 -1 -1
9 6 7 -1 -1 -1 -1 -1 -1 -1
6 2 7 -1 -1 -1 -1 -1 -1 -1
5 2 6 -1 -1 -1 -1 -1 -1 -1
5 1 2 -1 -1 -1 -1 -1 -1 -1
4 2
0 0
1 0
1 1
0 1
0 2 3 -1 -1 -1 -1 -1 -1 -1
0 1 2 -1 -1 -1 -1 -1 -1 -1
4 2
0 0
1 0
1 1
0 1
0 2 3 -1 -1 -1 -1 -1 -1 -1
0 1 2 -1 -1 -1 -1 -1 -1 -1
6
0 7 4 -1 -1 -1 -1 -1 -1 -1
4 6 5 -1 -1 -1 -1 -1 -1 -1
2 1 4 -1 -1 -1 -1 -1 -1 -1
4 1 0 -1 -1 -1 -1 -1 -1 -1
2 4 3 -1 -1 -1 -1 -1 -1 -1
7 6 4 -1 -1 -1 -1 -1 -1 -1
6
0 4 7 -1 -1 -1 -1 -1 -1 -1
4 5 6 -1 -1 -1 -1 -1 -1 -1
2 4 1 -1 -1 -1 -1 -1 -1 -1
4 0 1 -1 -1 -1 -1 -1 -1 -1
2 3 4 -1 -1 -1 -1 -1 -1 -1
7 4 6 -1 -1 -1 -1 -1 -1 -1
2
bedroom
showerroom
6
-6484.77 -1085.85
-6484.77 -85.8547
-5084.77 -85.8547
-5084.77 -1565.85
-6484.77 -1565.85
-6484.77 -1165.85
-1.695867e+03
1.216598e+03
4 2
0 0
1 0
1 1
0 1
0 2 3 -1 -1 -1 -1 -1 -1 -1
0 1 2 -1 -1 -1 -1 -1 -1 -1
4 2
0 0
1 0
1 1
0 1
0 2 3 -1 -1 -1 -1 -1 -1 -1
0 1 2 -1 -1 -1 -1 -1 -1 -1
4 2
0 0
1 0
1 1
0 1
0 2 3 -1 -1 -1 -1 -1 -1 -1
0 1 2 -1 -1 -1 -1 -1 -1 -1
4 2
0 0
1 0
1 1
0 1
0 2 3 -1 -1 -1 -1 -1 -1 -1
0 1 2 -1 -1 -1 -1 -1 -1 -1
4 2
0 0
1 0
1 1
0 1
0 2 3 -1 -1 -1 -1 -1 -1 -1
0 1 2 -1 -1 -1 -1 -1 -1 -1
4 2
0 0
1 0
1 1
0 1
0 2 3 -1 -1 -1 -1 -1 -1 -1
0 1 2 -1 -1 -1 -1 -1 -1 -1
4
1 0 2 -1 -1 -1 -1 -1 -1 -1
0 5 3 -1 -1 -1 -1 -1 -1 -1
5 4 3 -1 -1 -1 -1 -1 -1 -1
0 3 2 -1 -1 -1 -1 -1 -1 -1
4
1 2 0 -1 -1 -1 -1 -1 -1 -1
0 3 5 -1 -1 -1 -1 -1 -1 -1
5 3 4 -1 -1 -1 -1 -1 -1 -1
0 2 3 -1 -1 -1 -1 -1 -1 -1
2
bedroom
showerroom
20
1075.23 -8405.85
1075.23 -25885.9
-2604.77 -25885.9
-2604.77 -23325.9
-9404.77 -23325.9
-9404.77 -23605.9
-10724.8 -23605.9
-10724.8 -20525.9
-11884.8 -20525.9
-11884.8 -19245.9
-10404.8 -19245.9
-10404.8 -16605.9
-16564.8 -16605.9
-16564.8 -12205.9
-13564.8 -12205.9
-13564.8 -2085.85
-4564.77 -2085.85
-4564.77 2434.15
1075.23 2434.15
1075.23 -8325.85
-1.695867e+03
2.093984e+03
4 2
0 0
1 0
1 1
0 1
0 2 3 -1 -1 -1 -1 -1 -1 -1
0 1 2 -1 -1 -1 -1 -1 -1 -1
4 2
0 0
1 0
1 1
0 1
0 2 3 -1 -1 -1 -1 -1 -1 -1
0 1 2 -1 -1 -1 -1 -1 -1 -1
4 2
0 0
1 0
1 1
0 1
0 2 3 -1 -1 -1 -1 -1 -1 -1
0 1 2 -1 -1 -1 -1 -1 -1 -1
4 2
0 0
1 0
1 1
0 1
0 2 3 -1 -1 -1 -1 -1 -1 -1
0 1 2 -1 -1 -1 -1 -1 -1 -1
4 2
0 0
1 0
1 1
0 1
0 2 3 -1 -1 -1 -1 -1 -1 -1
0 1 2 -1 -1 -1 -1 -1 -1 -1
4 2
0 0
1 0
1 1
0 1
0 2 3 -1 -1 -1 -1 -1 -1 -1
0 1 2 -1 -1 -1 -1 -1 -1 -1
4 2
0 0
1 0
1 1
0 1
0 2 3 -1 -1 -1 -1 -1 -1 -1
0 1 2 -1 -1 -1 -1 -1 -1 -1
4 2
0 0
1 0
1 1
0 1
0 2 3 -1 -1 -1 -1 -1 -1 -1
0 1 2 -1 -1 -1 -1 -1 -1 -1
4 2
0 0
1 0
1 1
0 1
0 2 3 -1 -1 -1 -1 -1 -1 -1
0 1 2 -1 -1 -1 -1 -1 -1 -1
4 2
0 0
1 0
1 1
0 1
0 2 3 -1 -1 -1 -1 -1 -1 -1
0 1 2 -1 -1 -1 -1 -1 -1 -1
4 2
0 0
1 0
1 1
0 1
0 2 3 -1 -1 -1 -1 -1 -1 -1
0 1 2 -1 -1 -1 -1 -1 -1 -1
4 2
0 0
1 0
1 1
0 1
0 2 3 -1 -1 -1 -1 -1 -1 -1
0 1 2 -1 -1 -1 -1 -1 -1 -1
4 2
0 0
1 0
1 1
0 1
0 2 3 -1 -1 -1 -1 -1 -1 -1
0 1 2 -1 -1 -1 -1 -1 -1 -1
4 2
0 0
1 0
1 1
0 1
0 2 3 -1 -1 -1 -1 -1 -1 -1
0 1 2 -1 -1 -1 -1 -1 -1 -1
10 8
0 0
1 0
1 1
0 1
0.039 0
0.2 0
0.2 0.62
0.2 1
0.039 1
0.039 0.62
0 8 3 -1 -1 -1 -1 -1 -1 -1
0 9 8 -1 -1 -1 -1 -1 -1 -1
0 4 9 -1 -1 -1 -1 -1 -1 -1
9 7 8 -1 -1 -1 -1 -1 -1 -1
9 6 7 -1 -1 -1 -1 -1 -1 -1
6 2 7 -1 -1 -1 -1 -1 -1 -1
5 2 6 -1 -1 -1 -1 -1 -1 -1
5 1 2 -1 -1 -1 -1 -1 -1 -1
10 8
0 0
1 0
1 1
0 1
0.044 0
0.13 0
0.13 0.6
0.13 1
0.044 1
0.044 0.6
0 8 3 -1 -1 -1 -1 -1 -1 -1
0 9 8 -1 -1 -1 -1 -1 -1 -1
0 4 9 -1 -1 -1 -1 -1 -1 -1
9 7 8 -1 -1 -1 -1 -1 -1 -1
9 6 7 -1 -1 -1 -1 -1 -1 -1
6 2 7 -1 -1 -1 -1 -1 -1 -1
5 2 6 -1 -1 -1 -1 -1 -1 -1
5 1 2 -1 -1 -1 -1 -1 -1 -1
4 2
0 0
1 0
1 1
0 1
0 2 3 -1 -1 -1 -1 -1 -1 -1
0 1 2 -1 -1 -1 -1 -1 -1 -1
4 2
0 0
1 0
1 1
0 1
0 2 3 -1 -1 -1 -1 -1 -1 -1
0 1 2 -1 -1 -1 -1 -1 -1 -1
4 2
0 0
1 0
1 1
0 1
0 2 3 -1 -1 -1 -1 -1 -1 -1
0 1 2 -1 -1 -1 -1 -1 -1 -1
4 2
0 0
1 0
1 1
0 1
0 2 3 -1 -1 -1 -1 -1 -1 -1
0 1 2 -1 -1 -1 -1 -1 -1 -1
18
16 14 0 -1 -1 -1 -1 -1 -1 -1
14 13 12 -1 -1 -1 -1 -1 -1 -1
16 15 14 -1 -1 -1 -1 -1 -1 -1
5 4 6 -1 -1 -1 -1 -1 -1 -1
11 0 14 -1 -1 -1 -1 -1 -1 -1
10 4 3 -1 -1 -1 -1 -1 -1 -1
18 17 16 -1 -1 -1 -1 -1 -1 -1
7 9 8 -1 -1 -1 -1 -1 -1 -1
7 10 9 -1 -1 -1 -1 -1 -1 -1
7 6 4 -1 -1 -1 -1 -1 -1 -1
12 11 14 -1 -1 -1 -1 -1 -1 -1
19 16 0 -1 -1 -1 -1 -1 -1 -1
18 16 19 -1 -1 -1 -1 -1 -1 -1
10 7 4 -1 -1 -1 -1 -1 -1 -1
3 11 10 -1 -1 -1 -1 -1 -1 -1
1 3 2 -1 -1 -1 -1 -1 -1 -1
0 11 3 -1 -1 -1 -1 -1 -1 -1
0 3 1 -1 -1 -1 -1 -1 -1 -1
18
16 0 14 -1 -1 -1 -1 -1 -1 -1
14 12 13 -1 -1 -1 -1 -1 -1 -1
16 14 15 -1 -1 -1 -1 -1 -1 -1
5 6 4 -1 -1 -1 -1 -1 -1 -1
11 14 0 -1 -1 -1 -1 -1 -1 -1
10 3 4 -1 -1 -1 -1 -1 -1 -1
18 16 17 -1 -1 -1 -1 -1 -1 -1
7 8 9 -1 -1 -1 -1 -1 -1 -1
7 9 10 -1 -1 -1 -1 -1 -1 -1
7 4 6 -1 -1 -1 -1 -1 -1 -1
12 14 11 -1 -1 -1 -1 -1 -1 -1
19 0 16 -1 -1 -1 -1 -1 -1 -1
18 19 16 -1 -1 -1 -1 -1 -1 -1
10 4 7 -1 -1 -1 -1 -1 -1 -1
3 10 11 -1 -1 -1 -1 -1 -1 -1
1 2 3 -1 -1 -1 -1 -1 -1 -1
0 3 11 -1 -1 -1 -1 -1 -1 -1
0 1 3 -1 -1 -1 -1 -1 -1 -1
2
0 2 3 14
4 5 6 9
4 5 6 9
0 6 3 -1 -1 -1 -1 -1 -1
0 5 6 -1 -1 -1 -1 -1 -1
4 2 7 -1 -1 -1 -1 -1 -1
4 1 2 -1 -1 -1 -1 -1 -1
5 1 4 -1 -1 -1 -1 -1 -1
5 0 1 -1 -1 -1 -1 -1 -1
3 7 2 -1 -1 -1 -1 -1 -1
3 6 7 -1 -1 -1 -1 -1 -1
1 5 3 15
4 5 6 9
4 5 6 9
0 6 3 -1 -1 -1 -1 -1 -1
0 5 6 -1 -1 -1 -1 -1 -1
4 2 7 -1 -1 -1 -1 -1 -1
4 1 2 -1 -1 -1 -1 -1 -1
5 1 4 -1 -1 -1 -1 -1 -1
5 0 1 -1 -1 -1 -1 -1 -1
3 7 2 -1 -1 -1 -1 -1 -1
3 6 7 -1 -1 -1 -1 -1 -1
