-0.947507 0.319726 0.00256352
-0.319708 -0.947499 0.00575083
0.00376589 0.00479867 0.999981
6
2
bedroom
showerroom
6
4706.2 -8019.12
4706.2 -8379.12
3106.2 -8379.12
3106.2 -6519.12
4706.2 -6519.12
4706.2 -7979.12
-1.798772e+03
8.766784e+02
4 2
0 0
1 0
1 1
0 1
0 2 3 -1 -1 -1 -1 -1 -1 -1
0 1 2 -1 -1 -1 -1 -1 -1 -1
4 2
0 0
1 0
1 1
0 1
0 2 3 -1 -1 -1 -1 -1 -1 -1
0 1 2 -1 -1 -1 -1 -1 -1 -1
10 8
0 0
1 0
1 1
0 1
0.55 0
0.94 0
0.94 0.78
0.94 1
0.55 1
0.55 0.78
0 8 3 -1 -1 -1 -1 -1 -1 -1
0 9 8 -1 -1 -1 -1 -1 -1 -1
0 4 9 -1 -1 -1 -1 -1 -1 -1
9 7 8 -1 -1 -1 -1 -1 -1 -1
9 6 7 -1 -1 -1 -1 -1 -1 -1
6 2 7 -1 -1 -1 -1 -1 -1 -1
5 2 6 -1 -1 -1 -1 -1 -1 -1
5 1 2 -1 -1 -1 -1 -1 -1 -1
4 2
0 0
1 0
1 1
0 1
0 2 3 -1 -1 -1 -1 -1 -1 -1
0 1 2 -1 -1 -1 -1 -1 -1 -1
4 2
0 0
1 0
1 1
0 1
0 2 3 -1 -1 -1 -1 -1 -1 -1
0 1 2 -1 -1 -1 -1 -1 -1 -1
4 2
0 0
1 0
1 1
0 1
0 2 3 -1 -1 -1 -1 -1 -1 -1
0 1 2 -1 -1 -1 -1 -1 -1 -1
4
5 3 2 -1 -1 -1 -1 -1 -1 -1
5 2 0 -1 -1 -1 -1 -1 -1 -1
2 1 0 -1 -1 -1 -1 -1 -1 -1
4 3 5 -1 -1 -1 -1 -1 -1 -1
4
5 2 3 -1 -1 -1 -1 -1 -1 -1
5 0 2 -1 -1 -1 -1 -1 -1 -1
2 0 1 -1 -1 -1 -1 -1 -1 -1
4 5 3 -1 -1 -1 -1 -1 -1 -1
2
bedroom
showerroom
6
1106.2 -7239.12
1106.2 -8919.12
-2653.8 -8919.12
-2653.8 -5659.12
1106.2 -5659.12
1106.2 -7199.12
-1.798772e+03
8.766784e+02
4 2
0 0
1 0
1 1
0 1
0 2 3 -1 -1 -1 -1 -1 -1 -1
0 1 2 -1 -1 -1 -1 -1 -1 -1
4 2
0 0
1 0
1 1
0 1
0 2 3 -1 -1 -1 -1 -1 -1 -1
0 1 2 -1 -1 -1 -1 -1 -1 -1
4 2
0 0
1 0
1 1
0 1
0 2 3 -1 -1 -1 -1 -1 -1 -1
0 1 2 -1 -1 -1 -1 -1 -1 -1
4 2
0 0
1 0
1 1
0 1
0 2 3 -1 -1 -1 -1 -1 -1 -1
0 1 2 -1 -1 -1 -1 -1 -1 -1
10 8
0 0
1 0
1 1
0 1
0.15 0
0.61 0
0.61 0.78
0.61 1
0.15 1
0.15 0.78
0 8 3 -1 -1 -1 -1 -1 -1 -1
0 9 8 -1 -1 -1 -1 -1 -1 -1
0 4 9 -1 -1 -1 -1 -1 -1 -1
9 7 8 -1 -1 -1 -1 -1 -1 -1
9 6 7 -1 -1 -1 -1 -1 -1 -1
6 2 7 -1 -1 -1 -1 -1 -1 -1
5 2 6 -1 -1 -1 -1 -1 -1 -1
5 1 2 -1 -1 -1 -1 -1 -1 -1
4 2
0 0
1 0
1 1
0 1
0 2 3 -1 -1 -1 -1 -1 -1 -1
0 1 2 -1 -1 -1 -1 -1 -1 -1
4
5 3 0 -1 -1 -1 -1 -1 -1 -1
3 2 0 -1 -1 -1 -1 -1 -1 -1
2 1 0 -1 -1 -1 -1 -1 -1 -1
4 3 5 -1 -1 -1 -1 -1 -1 -1
4
5 0 3 -1 -1 -1 -1 -1 -1 -1
3 0 2 -1 -1 -1 -1 -1 -1 -1
2 0 1 -1 -1 -1 -1 -1 -1 -1
4 5 3 -1 -1 -1 -1 -1 -1 -1
2
bedroom
showerroom
6
6726.2 -2679.12
6726.2 -3579.12
5626.2 -3579.12
5626.2 -2379.12
6726.2 -2379.12
6726.2 -2639.12
-1.798772e+03
8.766784e+02
4 2
0 0
1 0
1 1
0 1
0 2 3 -1 -1 -1 -1 -1 -1 -1
0 1 2 -1 -1 -1 -1 -1 -1 -1
4 2
0 0
1 0
1 1
0 1
0 2 3 -1 -1 -1 -1 -1 -1 -1
0 1 2 -1 -1 -1 -1 -1 -1 -1
10 8
0 0
1 0
1 1
0 1
0.43 0
0.94 0
0.94 0.78
0.94 1
0.43 1
0.43 0.78
0 8 3 -1 -1 -1 -1 -1 -1 -1
0 9 8 -1 -1 -1 -1 -1 -1 -1
0 4 9 -1 -1 -1 -1 -1 -1 -1
9 7 8 -1 -1 -1 -1 -1 -1 -1
9 6 7 -1 -1 -1 -1 -1 -1 -1
6 2 7 -1 -1 -1 -1 -1 -1 -1
5 2 6 -1 -1 -1 -1 -1 -1 -1
5 1 2 -1 -1 -1 -1 -1 -1 -1
4 2
0 0
1 0
1 1
0 1
0 2 3 -1 -1 -1 -1 -1 -1 -1
0 1 2 -1 -1 -1 -1 -1 -1 -1
4 2
0 0
1 0
1 1
0 1
0 2 3 -1 -1 -1 -1 -1 -1 -1
0 1 2 -1 -1 -1 -1 -1 -1 -1
4 2
0 0
1 0
1 1
0 1
0 2 3 -1 -1 -1 -1 -1 -1 -1
0 1 2 -1 -1 -1 -1 -1 -1 -1
4
5 3 0 -1 -1 -1 -1 -1 -1 -1
3 2 0 -1 -1 -1 -1 -1 -1 -1
2 1 0 -1 -1 -1 -1 -1 -1 -1
4 3 5 -1 -1 -1 -1 -1 -1 -1
4
5 0 3 -1 -1 -1 -1 -1 -1 -1
3 0 2 -1 -1 -1 -1 -1 -1 -1
2 0 1 -1 -1 -1 -1 -1 -1 -1
4 5 3 -1 -1 -1 -1 -1 -1 -1
2
bedroom
showerroom
10
4846.2 -459.121
4846.2 -2279.12
2806.2 -2279.12
2806.2 -2319.12
1266.2 -2319.12
1266.2 1460.88
4386.2 1460.88
4386.2 1140.88
4846.2 1140.88
4846.2 -419.121
-1.798772e+03
8.766784e+02
4 2
0 0
1 0
1 1
0 1
0 2 3 -1 -1 -1 -1 -1 -1 -1
0 1 2 -1 -1 -1 -1 -1 -1 -1
10 8
0 0
1 0
1 1
0 1
0.0015 0
0.43 0
0.43 0.86
0.43 1
0.0015 1
0.0015 0.86
0 8 3 -1 -1 -1 -1 -1 -1 -1
0 9 8 -1 -1 -1 -1 -1 -1 -1
0 4 9 -1 -1 -1 -1 -1 -1 -1
9 7 8 -1 -1 -1 -1 -1 -1 -1
9 6 7 -1 -1 -1 -1 -1 -1 -1
6 2 7 -1 -1 -1 -1 -1 -1 -1
5 2 6 -1 -1 -1 -1 -1 -1 -1
5 1 2 -1 -1 -1 -1 -1 -1 -1
4 2
0 0
1 0
1 1
0 1
0 2 3 -1 -1 -1 -1 -1 -1 -1
0 1 2 -1 -1 -1 -1 -1 -1 -1
4 2
0 0
1 0
1 1
0 1
0 2 3 -1 -1 -1 -1 -1 -1 -1
0 1 2 -1 -1 -1 -1 -1 -1 -1
4 2
0 0
1 0
1 1
0 1
0 2 3 -1 -1 -1 -1 -1 -1 -1
0 1 2 -1 -1 -1 -1 -1 -1 -1
4 2
0 0
1 0
1 1
0 1
0 2 3 -1 -1 -1 -1 -1 -1 -1
0 1 2 -1 -1 -1 -1 -1 -1 -1
4 2
0 0
1 0
1 1
0 1
0 2 3 -1 -1 -1 -1 -1 -1 -1
0 1 2 -1 -1 -1 -1 -1 -1 -1
4 2
0 0
1 0
1 1
0 1
0 2 3 -1 -1 -1 -1 -1 -1 -1
0 1 2 -1 -1 -1 -1 -1 -1 -1
4 2
0 0
1 0
1 1
0 1
0 2 3 -1 -1 -1 -1 -1 -1 -1
0 1 2 -1 -1 -1 -1 -1 -1 -1
4 2
0 0
1 0
1 1
0 1
0 2 3 -1 -1 -1 -1 -1 -1 -1
0 1 2 -1 -1 -1 -1 -1 -1 -1
8
4 3 2 -1 -1 -1 -1 -1 -1 -1
4 2 5 -1 -1 -1 -1 -1 -1 -1
2 7 5 -1 -1 -1 -1 -1 -1 -1
7 6 5 -1 -1 -1 -1 -1 -1 -1
0 2 1 -1 -1 -1 -1 -1 -1 -1
9 2 0 -1 -1 -1 -1 -1 -1 -1
7 9 8 -1 -1 -1 -1 -1 -1 -1
7 2 9 -1 -1 -1 -1 -1 -1 -1
8
4 2 3 -1 -1 -1 -1 -1 -1 -1
4 5 2 -1 -1 -1 -1 -1 -1 -1
2 5 7 -1 -1 -1 -1 -1 -1 -1
7 5 6 -1 -1 -1 -1 -1 -1 -1
0 1 2 -1 -1 -1 -1 -1 -1 -1
9 0 2 -1 -1 -1 -1 -1 -1 -1
7 8 9 -1 -1 -1 -1 -1 -1 -1
7 9 2 -1 -1 -1 -1 -1 -1 -1
2
bedroom
showerroom
6
3946.2 -2479.12
3946.2 -2379.12
5006.2 -2379.12
5006.2 -4399.12
3946.2 -4399.12
3946.2 -2519.12
-1.798772e+03
8.766784e+02
4 2
0 0
1 0
1 1
0 1
0 2 3 -1 -1 -1 -1 -1 -1 -1
0 1 2 -1 -1 -1 -1 -1 -1 -1
10 8
0 0
1 0
1 1
0 1
0.016 0
0.85 0
0.85 0.86
0.85 1
0.016 1
0.016 0.86
0 8 3 -1 -1 -1 -1 -1 -1 -1
0 9 8 -1 -1 -1 -1 -1 -1 -1
0 4 9 -1 -1 -1 -1 -1 -1 -1
9 7 8 -1 -1 -1 -1 -1 -1 -1
9 6 7 -1 -1 -1 -1 -1 -1 -1
6 2 7 -1 -1 -1 -1 -1 -1 -1
5 2 6 -1 -1 -1 -1 -1 -1 -1
5 1 2 -1 -1 -1 -1 -1 -1 -1
10 8
0 0
1 0
1 1
0 1
0.034 0
0.34 0
0.34 0.78
0.34 1
0.034 1
0.034 0.78
0 8 3 -1 -1 -1 -1 -1 -1 -1
0 9 8 -1 -1 -1 -1 -1 -1 -1
0 4 9 -1 -1 -1 -1 -1 -1 -1
9 7 8 -1 -1 -1 -1 -1 -1 -1
9 6 7 -1 -1 -1 -1 -1 -1 -1
6 2 7 -1 -1 -1 -1 -1 -1 -1
5 2 6 -1 -1 -1 -1 -1 -1 -1
5 1 2 -1 -1 -1 -1 -1 -1 -1
10 8
0 0
1 0
1 1
0 1
0.17 0
0.91 0
0.91 0.78
0.91 1
0.17 1
0.17 0.78
0 8 3 -1 -1 -1 -1 -1 -1 -1
0 9 8 -1 -1 -1 -1 -1 -1 -1
0 4 9 -1 -1 -1 -1 -1 -1 -1
9 7 8 -1 -1 -1 -1 -1 -1 -1
9 6 7 -1 -1 -1 -1 -1 -1 -1
6 2 7 -1 -1 -1 -1 -1 -1 -1
5 2 6 -1 -1 -1 -1 -1 -1 -1
5 1 2 -1 -1 -1 -1 -1 -1 -1
4 2
0 0
1 0
1 1
0 1
0 2 3 -1 -1 -1 -1 -1 -1 -1
0 1 2 -1 -1 -1 -1 -1 -1 -1
4 2
0 0
1 0
1 1
0 1
0 2 3 -1 -1 -1 -1 -1 -1 -1
0 1 2 -1 -1 -1 -1 -1 -1 -1
4
1 0 2 -1 -1 -1 -1 -1 -1 -1
0 5 2 -1 -1 -1 -1 -1 -1 -1
5 4 3 -1 -1 -1 -1 -1 -1 -1
5 3 2 -1 -1 -1 -1 -1 -1 -1
4
1 2 0 -1 -1 -1 -1 -1 -1 -1
0 2 5 -1 -1 -1 -1 -1 -1 -1
5 3 4 -1 -1 -1 -1 -1 -1 -1
5 2 3 -1 -1 -1 -1 -1 -1 -1
2
bedroom
showerroom
28
1446.2 -5499.12
-1433.8 -5499.12
-1433.8 -4959.12
-2253.8 -4959.12
-2253.8 -4659.12
-2733.8 -4659.12
-2733.8 -1699.12
-2873.8 -1699.12
-2873.8 1080.88
-1833.8 1080.88
-1833.8 1540.88
586.203 1540.88
586.203 600.879
1046.2 600.879
1046.2 -2759.12
1486.2 -2759.12
1486.2 -2959.12
3046.2 -2959.12
3046.2 -4459.12
3106.2 -4459.12
3106.2 -4519.12
5086.2 -4519.12
5086.2 -5679.12
2986.2 -5679.12
2986.2 -7659.12
1826.2 -7659.12
1826.2 -5499.12
1486.2 -5499.12
-1.798772e+03
8.766784e+02
4 2
0 0
1 0
1 1
0 1
0 2 3 -1 -1 -1 -1 -1 -1 -1
0 1 2 -1 -1 -1 -1 -1 -1 -1
4 2
0 0
1 0
1 1
0 1
0 2 3 -1 -1 -1 -1 -1 -1 -1
0 1 2 -1 -1 -1 -1 -1 -1 -1
4 2
0 0
1 0
1 1
0 1
0 2 3 -1 -1 -1 -1 -1 -1 -1
0 1 2 -1 -1 -1 -1 -1 -1 -1
4 2
0 0
1 0
1 1
0 1
0 2 3 -1 -1 -1 -1 -1 -1 -1
0 1 2 -1 -1 -1 -1 -1 -1 -1
4 2
0 0
1 0
1 1
0 1
0 2 3 -1 -1 -1 -1 -1 -1 -1
0 1 2 -1 -1 -1 -1 -1 -1 -1
4 2
0 0
1 0
1 1
0 1
0 2 3 -1 -1 -1 -1 -1 -1 -1
0 1 2 -1 -1 -1 -1 -1 -1 -1
4 2
0 0
1 0
1 1
0 1
0 2 3 -1 -1 -1 -1 -1 -1 -1
0 1 2 -1 -1 -1 -1 -1 -1 -1
4 2
0 0
1 0
1 1
0 1
0 2 3 -1 -1 -1 -1 -1 -1 -1
0 1 2 -1 -1 -1 -1 -1 -1 -1
4 2
0 0
1 0
1 1
0 1
0 2 3 -1 -1 -1 -1 -1 -1 -1
0 1 2 -1 -1 -1 -1 -1 -1 -1
4 2
0 0
1 0
1 1
0 1
0 2 3 -1 -1 -1 -1 -1 -1 -1
0 1 2 -1 -1 -1 -1 -1 -1 -1
4 2
0 0
1 0
1 1
0 1
0 2 3 -1 -1 -1 -1 -1 -1 -1
0 1 2 -1 -1 -1 -1 -1 -1 -1
4 2
0 0
1 0
1 1
0 1
0 2 3 -1 -1 -1 -1 -1 -1 -1
0 1 2 -1 -1 -1 -1 -1 -1 -1
4 2
0 0
1 0
1 1
0 1
0 2 3 -1 -1 -1 -1 -1 -1 -1
0 1 2 -1 -1 -1 -1 -1 -1 -1
4 2
0 0
1 0
1 1
0 1
0 2 3 -1 -1 -1 -1 -1 -1 -1
0 1 2 -1 -1 -1 -1 -1 -1 -1
4 2
0 0
1 0
1 1
0 1
0 2 3 -1 -1 -1 -1 -1 -1 -1
0 1 2 -1 -1 -1 -1 -1 -1 -1
4 2
0 0
1 0
1 1
0 1
0 2 3 -1 -1 -1 -1 -1 -1 -1
0 1 2 -1 -1 -1 -1 -1 -1 -1
4 2
0 0
1 0
1 1
0 1
0 2 3 -1 -1 -1 -1 -1 -1 -1
0 1 2 -1 -1 -1 -1 -1 -1 -1
4 2
0 0
1 0
1 1
0 1
0 2 3 -1 -1 -1 -1 -1 -1 -1
0 1 2 -1 -1 -1 -1 -1 -1 -1
4 2
0 0
1 0
1 1
0 1
0 2 3 -1 -1 -1 -1 -1 -1 -1
0 1 2 -1 -1 -1 -1 -1 -1 -1
4 2
0 0
1 0
1 1
0 1
0 2 3 -1 -1 -1 -1 -1 -1 -1
0 1 2 -1 -1 -1 -1 -1 -1 -1
10 8
0 0
1 0
1 1
0 1
0.47 0
0.87 0
0.87 0.78
0.87 1
0.47 1
0.47 0.78
0 8 3 -1 -1 -1 -1 -1 -1 -1
0 9 8 -1 -1 -1 -1 -1 -1 -1
0 4 9 -1 -1 -1 -1 -1 -1 -1
9 7 8 -1 -1 -1 -1 -1 -1 -1
9 6 7 -1 -1 -1 -1 -1 -1 -1
6 2 7 -1 -1 -1 -1 -1 -1 -1
5 2 6 -1 -1 -1 -1 -1 -1 -1
5 1 2 -1 -1 -1 -1 -1 -1 -1
4 2
0 0
1 0
1 1
0 1
0 2 3 -1 -1 -1 -1 -1 -1 -1
0 1 2 -1 -1 -1 -1 -1 -1 -1
4 2
0 0
1 0
1 1
0 1
0 2 3 -1 -1 -1 -1 -1 -1 -1
0 1 2 -1 -1 -1 -1 -1 -1 -1
10 8
0 0
1 0
1 1
0 1
0.48 0
0.85 0
0.85 0.78
0.85 1
0.48 1
0.48 0.78
0 8 3 -1 -1 -1 -1 -1 -1 -1
0 9 8 -1 -1 -1 -1 -1 -1 -1
0 4 9 -1 -1 -1 -1 -1 -1 -1
9 7 8 -1 -1 -1 -1 -1 -1 -1
9 6 7 -1 -1 -1 -1 -1 -1 -1
6 2 7 -1 -1 -1 -1 -1 -1 -1
5 2 6 -1 -1 -1 -1 -1 -1 -1
5 1 2 -1 -1 -1 -1 -1 -1 -1
4 2
0 0
1 0
1 1
0 1
0 2 3 -1 -1 -1 -1 -1 -1 -1
0 1 2 -1 -1 -1 -1 -1 -1 -1
10 8
0 0
1 0
1 1
0 1
0.49 0
0.82 0
0.82 0.78
0.82 1
0.49 1
0.49 0.78
0 8 3 -1 -1 -1 -1 -1 -1 -1
0 9 8 -1 -1 -1 -1 -1 -1 -1
0 4 9 -1 -1 -1 -1 -1 -1 -1
9 7 8 -1 -1 -1 -1 -1 -1 -1
9 6 7 -1 -1 -1 -1 -1 -1 -1
6 2 7 -1 -1 -1 -1 -1 -1 -1
5 2 6 -1 -1 -1 -1 -1 -1 -1
5 1 2 -1 -1 -1 -1 -1 -1 -1
4 2
0 0
1 0
1 1
0 1
0 2 3 -1 -1 -1 -1 -1 -1 -1
0 1 2 -1 -1 -1 -1 -1 -1 -1
4 2
0 0
1 0
1 1
0 1
0 2 3 -1 -1 -1 -1 -1 -1 -1
0 1 2 -1 -1 -1 -1 -1 -1 -1
26
6 2 14 -1 -1 -1 -1 -1 -1 -1
18 23 20 -1 -1 -1 -1 -1 -1 -1
23 22 20 -1 -1 -1 -1 -1 -1 -1
2 6 4 -1 -1 -1 -1 -1 -1 -1
3 2 4 -1 -1 -1 -1 -1 -1 -1
26 23 18 -1 -1 -1 -1 -1 -1 -1
12 14 13 -1 -1 -1 -1 -1 -1 -1
14 0 16 -1 -1 -1 -1 -1 -1 -1
4 6 5 -1 -1 -1 -1 -1 -1 -1
12 6 14 -1 -1 -1 -1 -1 -1 -1
6 8 7 -1 -1 -1 -1 -1 -1 -1
6 9 8 -1 -1 -1 -1 -1 -1 -1
9 11 10 -1 -1 -1 -1 -1 -1 -1
11 9 12 -1 -1 -1 -1 -1 -1 -1
9 6 12 -1 -1 -1 -1 -1 -1 -1
14 16 15 -1 -1 -1 -1 -1 -1 -1
14 2 0 -1 -1 -1 -1 -1 -1 -1
18 20 19 -1 -1 -1 -1 -1 -1 -1
16 18 17 -1 -1 -1 -1 -1 -1 -1
16 0 27 -1 -1 -1 -1 -1 -1 -1
20 22 21 -1 -1 -1 -1 -1 -1 -1
1 0 2 -1 -1 -1 -1 -1 -1 -1
16 27 26 -1 -1 -1 -1 -1 -1 -1
16 26 18 -1 -1 -1 -1 -1 -1 -1
23 25 24 -1 -1 -1 -1 -1 -1 -1
23 26 25 -1 -1 -1 -1 -1 -1 -1
26
6 14 2 -1 -1 -1 -1 -1 -1 -1
18 20 23 -1 -1 -1 -1 -1 -1 -1
23 20 22 -1 -1 -1 -1 -1 -1 -1
2 4 6 -1 -1 -1 -1 -1 -1 -1
3 4 2 -1 -1 -1 -1 -1 -1 -1
26 18 23 -1 -1 -1 -1 -1 -1 -1
12 13 14 -1 -1 -1 -1 -1 -1 -1
14 16 0 -1 -1 -1 -1 -1 -1 -1
4 5 6 -1 -1 -1 -1 -1 -1 -1
12 14 6 -1 -1 -1 -1 -1 -1 -1
6 7 8 -1 -1 -1 -1 -1 -1 -1
6 8 9 -1 -1 -1 -1 -1 -1 -1
9 10 11 -1 -1 -1 -1 -1 -1 -1
11 12 9 -1 -1 -1 -1 -1 -1 -1
9 12 6 -1 -1 -1 -1 -1 -1 -1
14 15 16 -1 -1 -1 -1 -1 -1 -1
14 0 2 -1 -1 -1 -1 -1 -1 -1
18 19 20 -1 -1 -1 -1 -1 -1 -1
16 17 18 -1 -1 -1 -1 -1 -1 -1
16 27 0 -1 -1 -1 -1 -1 -1 -1
20 21 22 -1 -1 -1 -1 -1 -1 -1
1 2 0 -1 -1 -1 -1 -1 -1 -1
16 26 27 -1 -1 -1 -1 -1 -1 -1
16 18 26 -1 -1 -1 -1 -1 -1 -1
23 24 25 -1 -1 -1 -1 -1 -1 -1
23 25 26 -1 -1 -1 -1 -1 -1 -1
5
0 2 5 23
4 5 6 9
4 5 6 9
0 6 3 -1 -1 -1 -1 -1 -1
0 5 6 -1 -1 -1 -1 -1 -1
4 2 7 -1 -1 -1 -1 -1 -1
4 1 2 -1 -1 -1 -1 -1 -1
5 1 4 -1 -1 -1 -1 -1 -1
5 0 1 -1 -1 -1 -1 -1 -1
3 7 2 -1 -1 -1 -1 -1 -1
3 6 7 -1 -1 -1 -1 -1 -1
1 4 5 25
4 5 6 9
4 5 6 9
0 6 3 -1 -1 -1 -1 -1 -1
0 5 6 -1 -1 -1 -1 -1 -1
4 2 7 -1 -1 -1 -1 -1 -1
4 1 2 -1 -1 -1 -1 -1 -1
5 1 4 -1 -1 -1 -1 -1 -1
5 0 1 -1 -1 -1 -1 -1 -1
3 7 2 -1 -1 -1 -1 -1 -1
3 6 7 -1 -1 -1 -1 -1 -1
2 2 4 2
4 5 6 9
4 5 6 9
0 6 3 -1 -1 -1 -1 -1 -1
0 5 6 -1 -1 -1 -1 -1 -1
4 2 7 -1 -1 -1 -1 -1 -1
4 1 2 -1 -1 -1 -1 -1 -1
5 1 4 -1 -1 -1 -1 -1 -1
5 0 1 -1 -1 -1 -1 -1 -1
3 7 2 -1 -1 -1 -1 -1 -1
3 6 7 -1 -1 -1 -1 -1 -1
3 1 4 1
4 5 6 9
4 5 6 9
0 6 3 -1 -1 -1 -1 -1 -1
0 5 6 -1 -1 -1 -1 -1 -1
4 2 7 -1 -1 -1 -1 -1 -1
4 1 2 -1 -1 -1 -1 -1 -1
5 1 4 -1 -1 -1 -1 -1 -1
5 0 1 -1 -1 -1 -1 -1 -1
3 7 2 -1 -1 -1 -1 -1 -1
3 6 7 -1 -1 -1 -1 -1 -1
4 3 5 20
4 5 6 9
4 5 6 9
0 6 3 -1 -1 -1 -1 -1 -1
0 5 6 -1 -1 -1 -1 -1 -1
4 2 7 -1 -1 -1 -1 -1 -1
4 1 2 -1 -1 -1 -1 -1 -1
5 1 4 -1 -1 -1 -1 -1 -1
5 0 1 -1 -1 -1 -1 -1 -1
3 7 2 -1 -1 -1 -1 -1 -1
3 6 7 -1 -1 -1 -1 -1 -1
