0.850505 -0.525937 0.00572616
0.525956 0.850509 -0.00248489
-0.00349629 0.00512512 0.999981
6
2
bedroom
showerroom
12
-4422.09 4950.27
-4422.09 2270.27
-8062.09 2270.27
-8062.09 3110.27
-8242.09 3110.27
-8242.09 4670.27
-7702.09 4670.27
-7702.09 5030.27
-5662.09 5030.27
-5662.09 5290.27
-4422.09 5290.27
-4422.09 4990.27
-1.802987e+03
1.332906e+03
4 2
0 0
1 0
1 1
0 1
0 2 3 -1 -1 -1 -1 -1 -1 -1
0 1 2 -1 -1 -1 -1 -1 -1 -1
10 8
0 0
1 0
1 1
0 1
0.79 0
1 0
1 0.77
1 1
0.79 1
0.79 0.77
0 8 3 -1 -1 -1 -1 -1 -1 -1
0 9 8 -1 -1 -1 -1 -1 -1 -1
0 4 9 -1 -1 -1 -1 -1 -1 -1
9 7 8 -1 -1 -1 -1 -1 -1 -1
9 6 7 -1 -1 -1 -1 -1 -1 -1
6 2 7 -1 -1 -1 -1 -1 -1 -1
5 2 6 -1 -1 -1 -1 -1 -1 -1
5 1 2 -1 -1 -1 -1 -1 -1 -1
4 2
0 0
1 0
1 1
0 1
0 2 3 -1 -1 -1 -1 -1 -1 -1
0 1 2 -1 -1 -1 -1 -1 -1 -1
4 2
0 0
1 0
1 1
0 1
0 2 3 -1 -1 -1 -1 -1 -1 -1
0 1 2 -1 -1 -1 -1 -1 -1 -1
4 2
0 0
1 0
1 1
0 1
0 2 3 -1 -1 -1 -1 -1 -1 -1
0 1 2 -1 -1 -1 -1 -1 -1 -1
4 2
0 0
1 0
1 1
0 1
0 2 3 -1 -1 -1 -1 -1 -1 -1
0 1 2 -1 -1 -1 -1 -1 -1 -1
4 2
0 0
1 0
1 1
0 1
0 2 3 -1 -1 -1 -1 -1 -1 -1
0 1 2 -1 -1 -1 -1 -1 -1 -1
4 2
0 0
1 0
1 1
0 1
0 2 3 -1 -1 -1 -1 -1 -1 -1
0 1 2 -1 -1 -1 -1 -1 -1 -1
4 2
0 0
1 0
1 1
0 1
0 2 3 -1 -1 -1 -1 -1 -1 -1
0 1 2 -1 -1 -1 -1 -1 -1 -1
4 2
0 0
1 0
1 1
0 1
0 2 3 -1 -1 -1 -1 -1 -1 -1
0 1 2 -1 -1 -1 -1 -1 -1 -1
4 2
0 0
1 0
1 1
0 1
0 2 3 -1 -1 -1 -1 -1 -1 -1
0 1 2 -1 -1 -1 -1 -1 -1 -1
4 2
0 0
1 0
1 1
0 1
0 2 3 -1 -1 -1 -1 -1 -1 -1
0 1 2 -1 -1 -1 -1 -1 -1 -1
10
5 4 3 -1 -1 -1 -1 -1 -1 -1
6 5 3 -1 -1 -1 -1 -1 -1 -1
2 1 3 -1 -1 -1 -1 -1 -1 -1
8 7 6 -1 -1 -1 -1 -1 -1 -1
3 8 6 -1 -1 -1 -1 -1 -1 -1
10 9 8 -1 -1 -1 -1 -1 -1 -1
3 1 8 -1 -1 -1 -1 -1 -1 -1
8 1 0 -1 -1 -1 -1 -1 -1 -1
8 11 10 -1 -1 -1 -1 -1 -1 -1
8 0 11 -1 -1 -1 -1 -1 -1 -1
10
5 3 4 -1 -1 -1 -1 -1 -1 -1
6 3 5 -1 -1 -1 -1 -1 -1 -1
2 3 1 -1 -1 -1 -1 -1 -1 -1
8 6 7 -1 -1 -1 -1 -1 -1 -1
3 6 8 -1 -1 -1 -1 -1 -1 -1
10 8 9 -1 -1 -1 -1 -1 -1 -1
3 8 1 -1 -1 -1 -1 -1 -1 -1
8 0 1 -1 -1 -1 -1 -1 -1 -1
8 10 11 -1 -1 -1 -1 -1 -1 -1
8 11 0 -1 -1 -1 -1 -1 -1 -1
2
bedroom
showerroom
6
-18182.1 2170.27
-18182.1 3170.27
-17302.1 3170.27
-17302.1 1990.27
-18182.1 1990.27
-18182.1 2130.27
-1.802987e+03
1.332906e+03
4 2
0 0
1 0
1 1
0 1
0 2 3 -1 -1 -1 -1 -1 -1 -1
0 1 2 -1 -1 -1 -1 -1 -1 -1
4 2
0 0
1 0
1 1
0 1
0 2 3 -1 -1 -1 -1 -1 -1 -1
0 1 2 -1 -1 -1 -1 -1 -1 -1
4 2
0 0
1 0
1 1
0 1
0 2 3 -1 -1 -1 -1 -1 -1 -1
0 1 2 -1 -1 -1 -1 -1 -1 -1
4 2
0 0
1 0
1 1
0 1
0 2 3 -1 -1 -1 -1 -1 -1 -1
0 1 2 -1 -1 -1 -1 -1 -1 -1
4 2
0 0
1 0
1 1
0 1
0 2 3 -1 -1 -1 -1 -1 -1 -1
0 1 2 -1 -1 -1 -1 -1 -1 -1
4 2
0 0
1 0
1 1
0 1
0 2 3 -1 -1 -1 -1 -1 -1 -1
0 1 2 -1 -1 -1 -1 -1 -1 -1
4
1 0 2 -1 -1 -1 -1 -1 -1 -1
0 5 3 -1 -1 -1 -1 -1 -1 -1
5 4 3 -1 -1 -1 -1 -1 -1 -1
0 3 2 -1 -1 -1 -1 -1 -1 -1
4
1 2 0 -1 -1 -1 -1 -1 -1 -1
0 3 5 -1 -1 -1 -1 -1 -1 -1
5 3 4 -1 -1 -1 -1 -1 -1 -1
0 2 3 -1 -1 -1 -1 -1 -1 -1
2
bedroom
showerroom
11
-9402.09 2270.27
-9402.09 2810.27
-10042.1 2810.27
-10042.1 5010.27
-8382.09 5010.27
-8382.09 3070.27
-8502.09 3070.27
-8502.09 2230.27
-9322.09 2230.27
-9322.09 2270.27
-9362.09 2270.27
-1.802987e+03
1.332906e+03
4 2
0 0
1 0
1 1
0 1
0 2 3 -1 -1 -1 -1 -1 -1 -1
0 1 2 -1 -1 -1 -1 -1 -1 -1
4 2
0 0
1 0
1 1
0 1
0 2 3 -1 -1 -1 -1 -1 -1 -1
0 1 2 -1 -1 -1 -1 -1 -1 -1
4 2
0 0
1 0
1 1
0 1
0 2 3 -1 -1 -1 -1 -1 -1 -1
0 1 2 -1 -1 -1 -1 -1 -1 -1
4 2
0 0
1 0
1 1
0 1
0 2 3 -1 -1 -1 -1 -1 -1 -1
0 1 2 -1 -1 -1 -1 -1 -1 -1
4 2
0 0
1 0
1 1
0 1
0 2 3 -1 -1 -1 -1 -1 -1 -1
0 1 2 -1 -1 -1 -1 -1 -1 -1
4 2
0 0
1 0
1 1
0 1
0 2 3 -1 -1 -1 -1 -1 -1 -1
0 1 2 -1 -1 -1 -1 -1 -1 -1
4 2
0 0
1 0
1 1
0 1
0 2 3 -1 -1 -1 -1 -1 -1 -1
0 1 2 -1 -1 -1 -1 -1 -1 -1
10 8
0 0
1 0
1 1
0 1
0.078 0
0.98 0
0.98 0.77
0.98 1
0.078 1
0.078 0.77
0 8 3 -1 -1 -1 -1 -1 -1 -1
0 9 8 -1 -1 -1 -1 -1 -1 -1
0 4 9 -1 -1 -1 -1 -1 -1 -1
9 7 8 -1 -1 -1 -1 -1 -1 -1
9 6 7 -1 -1 -1 -1 -1 -1 -1
6 2 7 -1 -1 -1 -1 -1 -1 -1
5 2 6 -1 -1 -1 -1 -1 -1 -1
5 1 2 -1 -1 -1 -1 -1 -1 -1
4 2
0 0
1 0
1 1
0 1
0 2 3 -1 -1 -1 -1 -1 -1 -1
0 1 2 -1 -1 -1 -1 -1 -1 -1
4 2
0 0
1 0
1 1
0 1
0 2 3 -1 -1 -1 -1 -1 -1 -1
0 1 2 -1 -1 -1 -1 -1 -1 -1
4 2
0 0
1 0
1 1
0 1
0 2 3 -1 -1 -1 -1 -1 -1 -1
0 1 2 -1 -1 -1 -1 -1 -1 -1
9
0 10 1 -1 -1 -1 -1 -1 -1 -1
6 5 4 -1 -1 -1 -1 -1 -1 -1
2 1 3 -1 -1 -1 -1 -1 -1 -1
1 6 3 -1 -1 -1 -1 -1 -1 -1
9 8 7 -1 -1 -1 -1 -1 -1 -1
6 4 3 -1 -1 -1 -1 -1 -1 -1
6 1 7 -1 -1 -1 -1 -1 -1 -1
1 9 7 -1 -1 -1 -1 -1 -1 -1
1 10 9 -1 -1 -1 -1 -1 -1 -1
9
0 1 10 -1 -1 -1 -1 -1 -1 -1
6 4 5 -1 -1 -1 -1 -1 -1 -1
2 3 1 -1 -1 -1 -1 -1 -1 -1
1 3 6 -1 -1 -1 -1 -1 -1 -1
9 7 8 -1 -1 -1 -1 -1 -1 -1
6 3 4 -1 -1 -1 -1 -1 -1 -1
6 7 1 -1 -1 -1 -1 -1 -1 -1
1 7 9 -1 -1 -1 -1 -1 -1 -1
1 9 10 -1 -1 -1 -1 -1 -1 -1
2
bedroom
showerroom
12
-14322.1 2610.27
-14322.1 1410.27
-14542.1 1410.27
-14542.1 1110.27
-14782.1 1110.27
-14782.1 590.268
-14742.1 590.268
-14742.1 350.268
-16222.1 350.268
-16222.1 5090.27
-14322.1 5090.27
-14322.1 2650.27
-1.802987e+03
1.332906e+03
10 8
0 0
1 0
1 1
0 1
0.24 0
0.87 0
0.87 0.77
0.87 1
0.24 1
0.24 0.77
0 8 3 -1 -1 -1 -1 -1 -1 -1
0 9 8 -1 -1 -1 -1 -1 -1 -1
0 4 9 -1 -1 -1 -1 -1 -1 -1
9 7 8 -1 -1 -1 -1 -1 -1 -1
9 6 7 -1 -1 -1 -1 -1 -1 -1
6 2 7 -1 -1 -1 -1 -1 -1 -1
5 2 6 -1 -1 -1 -1 -1 -1 -1
5 1 2 -1 -1 -1 -1 -1 -1 -1
4 2
0 0
1 0
1 1
0 1
0 2 3 -1 -1 -1 -1 -1 -1 -1
0 1 2 -1 -1 -1 -1 -1 -1 -1
4 2
0 0
1 0
1 1
0 1
0 2 3 -1 -1 -1 -1 -1 -1 -1
0 1 2 -1 -1 -1 -1 -1 -1 -1
4 2
0 0
1 0
1 1
0 1
0 2 3 -1 -1 -1 -1 -1 -1 -1
0 1 2 -1 -1 -1 -1 -1 -1 -1
4 2
0 0
1 0
1 1
0 1
0 2 3 -1 -1 -1 -1 -1 -1 -1
0 1 2 -1 -1 -1 -1 -1 -1 -1
4 2
0 0
1 0
1 1
0 1
0 2 3 -1 -1 -1 -1 -1 -1 -1
0 1 2 -1 -1 -1 -1 -1 -1 -1
4 2
0 0
1 0
1 1
0 1
0 2 3 -1 -1 -1 -1 -1 -1 -1
0 1 2 -1 -1 -1 -1 -1 -1 -1
4 2
0 0
1 0
1 1
0 1
0 2 3 -1 -1 -1 -1 -1 -1 -1
0 1 2 -1 -1 -1 -1 -1 -1 -1
4 2
0 0
1 0
1 1
0 1
0 2 3 -1 -1 -1 -1 -1 -1 -1
0 1 2 -1 -1 -1 -1 -1 -1 -1
4 2
0 0
1 0
1 1
0 1
0 2 3 -1 -1 -1 -1 -1 -1 -1
0 1 2 -1 -1 -1 -1 -1 -1 -1
4 2
0 0
1 0
1 1
0 1
0 2 3 -1 -1 -1 -1 -1 -1 -1
0 1 2 -1 -1 -1 -1 -1 -1 -1
4 2
0 0
1 0
1 1
0 1
0 2 3 -1 -1 -1 -1 -1 -1 -1
0 1 2 -1 -1 -1 -1 -1 -1 -1
10
5 8 7 -1 -1 -1 -1 -1 -1 -1
8 5 4 -1 -1 -1 -1 -1 -1 -1
6 5 7 -1 -1 -1 -1 -1 -1 -1
11 8 0 -1 -1 -1 -1 -1 -1 -1
0 8 4 -1 -1 -1 -1 -1 -1 -1
2 0 4 -1 -1 -1 -1 -1 -1 -1
11 9 8 -1 -1 -1 -1 -1 -1 -1
10 9 11 -1 -1 -1 -1 -1 -1 -1
1 0 2 -1 -1 -1 -1 -1 -1 -1
3 2 4 -1 -1 -1 -1 -1 -1 -1
10
5 7 8 -1 -1 -1 -1 -1 -1 -1
8 4 5 -1 -1 -1 -1 -1 -1 -1
6 7 5 -1 -1 -1 -1 -1 -1 -1
11 0 8 -1 -1 -1 -1 -1 -1 -1
0 4 8 -1 -1 -1 -1 -1 -1 -1
2 4 0 -1 -1 -1 -1 -1 -1 -1
11 8 9 -1 -1 -1 -1 -1 -1 -1
10 11 9 -1 -1 -1 -1 -1 -1 -1
1 2 0 -1 -1 -1 -1 -1 -1 -1
3 4 2 -1 -1 -1 -1 -1 -1 -1
2
bedroom
showerroom
14
-12102.1 990.268
-13842.1 990.268
-13842.1 1350.27
-14202.1 1350.27
-14202.1 5090.27
-12802.1 5090.27
-12802.1 4710.27
-11962.1 4710.27
-11962.1 5150.27
-10362.1 5150.27
-10362.1 1170.27
-10882.1 1170.27
-10882.1 990.268
-12062.1 990.268
-1.802987e+03
1.332906e+03
4 2
0 0
1 0
1 1
0 1
0 2 3 -1 -1 -1 -1 -1 -1 -1
0 1 2 -1 -1 -1 -1 -1 -1 -1
4 2
0 0
1 0
1 1
0 1
0 2 3 -1 -1 -1 -1 -1 -1 -1
0 1 2 -1 -1 -1 -1 -1 -1 -1
4 2
0 0
1 0
1 1
0 1
0 2 3 -1 -1 -1 -1 -1 -1 -1
0 1 2 -1 -1 -1 -1 -1 -1 -1
10 8
0 0
1 0
1 1
0 1
0.058 0
0.26 0
0.26 0.77
0.26 1
0.058 1
0.058 0.77
0 8 3 -1 -1 -1 -1 -1 -1 -1
0 9 8 -1 -1 -1 -1 -1 -1 -1
0 4 9 -1 -1 -1 -1 -1 -1 -1
9 7 8 -1 -1 -1 -1 -1 -1 -1
9 6 7 -1 -1 -1 -1 -1 -1 -1
6 2 7 -1 -1 -1 -1 -1 -1 -1
5 2 6 -1 -1 -1 -1 -1 -1 -1
5 1 2 -1 -1 -1 -1 -1 -1 -1
4 2
0 0
1 0
1 1
0 1
0 2 3 -1 -1 -1 -1 -1 -1 -1
0 1 2 -1 -1 -1 -1 -1 -1 -1
4 2
0 0
1 0
1 1
0 1
0 2 3 -1 -1 -1 -1 -1 -1 -1
0 1 2 -1 -1 -1 -1 -1 -1 -1
4 2
0 0
1 0
1 1
0 1
0 2 3 -1 -1 -1 -1 -1 -1 -1
0 1 2 -1 -1 -1 -1 -1 -1 -1
4 2
0 0
1 0
1 1
0 1
0 2 3 -1 -1 -1 -1 -1 -1 -1
0 1 2 -1 -1 -1 -1 -1 -1 -1
4 2
0 0
1 0
1 1
0 1
0 2 3 -1 -1 -1 -1 -1 -1 -1
0 1 2 -1 -1 -1 -1 -1 -1 -1
10 8
0 0
1 0
1 1
0 1
0.81 0
1 0
1 0.77
1 1
0.81 1
0.81 0.77
0 8 3 -1 -1 -1 -1 -1 -1 -1
0 9 8 -1 -1 -1 -1 -1 -1 -1
0 4 9 -1 -1 -1 -1 -1 -1 -1
9 7 8 -1 -1 -1 -1 -1 -1 -1
9 6 7 -1 -1 -1 -1 -1 -1 -1
6 2 7 -1 -1 -1 -1 -1 -1 -1
5 2 6 -1 -1 -1 -1 -1 -1 -1
5 1 2 -1 -1 -1 -1 -1 -1 -1
4 2
0 0
1 0
1 1
0 1
0 2 3 -1 -1 -1 -1 -1 -1 -1
0 1 2 -1 -1 -1 -1 -1 -1 -1
4 2
0 0
1 0
1 1
0 1
0 2 3 -1 -1 -1 -1 -1 -1 -1
0 1 2 -1 -1 -1 -1 -1 -1 -1
4 2
0 0
1 0
1 1
0 1
0 2 3 -1 -1 -1 -1 -1 -1 -1
0 1 2 -1 -1 -1 -1 -1 -1 -1
4 2
0 0
1 0
1 1
0 1
0 2 3 -1 -1 -1 -1 -1 -1 -1
0 1 2 -1 -1 -1 -1 -1 -1 -1
12
6 4 2 -1 -1 -1 -1 -1 -1 -1
2 1 0 -1 -1 -1 -1 -1 -1 -1
6 2 0 -1 -1 -1 -1 -1 -1 -1
3 2 4 -1 -1 -1 -1 -1 -1 -1
5 4 6 -1 -1 -1 -1 -1 -1 -1
0 7 6 -1 -1 -1 -1 -1 -1 -1
13 12 11 -1 -1 -1 -1 -1 -1 -1
9 8 7 -1 -1 -1 -1 -1 -1 -1
0 13 7 -1 -1 -1 -1 -1 -1 -1
11 9 7 -1 -1 -1 -1 -1 -1 -1
10 9 11 -1 -1 -1 -1 -1 -1 -1
13 11 7 -1 -1 -1 -1 -1 -1 -1
12
6 2 4 -1 -1 -1 -1 -1 -1 -1
2 0 1 -1 -1 -1 -1 -1 -1 -1
6 0 2 -1 -1 -1 -1 -1 -1 -1
3 4 2 -1 -1 -1 -1 -1 -1 -1
5 6 4 -1 -1 -1 -1 -1 -1 -1
0 6 7 -1 -1 -1 -1 -1 -1 -1
13 11 12 -1 -1 -1 -1 -1 -1 -1
9 7 8 -1 -1 -1 -1 -1 -1 -1
0 7 13 -1 -1 -1 -1 -1 -1 -1
11 7 9 -1 -1 -1 -1 -1 -1 -1
10 11 9 -1 -1 -1 -1 -1 -1 -1
13 7 11 -1 -1 -1 -1 -1 -1 -1
2
bedroom
showerroom
30
-5262.09 2190.27
-3522.09 2190.27
-3522.09 4690.27
-3342.09 4690.27
-3342.09 5190.27
817.914 5190.27
817.914 4770.27
1277.91 4770.27
1277.91 1010.27
877.914 1010.27
877.914 230.268
1137.91 230.268
1137.91 -629.732
657.914 -629.732
657.914 -869.732
-2102.09 -869.732
-2102.09 -629.732
-2922.09 -629.732
-2922.09 1070.27
-4102.09 1070.27
-4102.09 390.268
-5522.09 390.268
-5522.09 1030.27
-10262.1 1030.27
-10262.1 2150.27
-8142.09 2150.27
-8142.09 2170.27
-5342.09 2170.27
-5342.09 2190.27
-5302.09 2190.27
-1.802987e+03
1.332906e+03
4 2
0 0
1 0
1 1
0 1
0 2 3 -1 -1 -1 -1 -1 -1 -1
0 1 2 -1 -1 -1 -1 -1 -1 -1
4 2
0 0
1 0
1 1
0 1
0 2 3 -1 -1 -1 -1 -1 -1 -1
0 1 2 -1 -1 -1 -1 -1 -1 -1
4 2
0 0
1 0
1 1
0 1
0 2 3 -1 -1 -1 -1 -1 -1 -1
0 1 2 -1 -1 -1 -1 -1 -1 -1
4 2
0 0
1 0
1 1
0 1
0 2 3 -1 -1 -1 -1 -1 -1 -1
0 1 2 -1 -1 -1 -1 -1 -1 -1
4 2
0 0
1 0
1 1
0 1
0 2 3 -1 -1 -1 -1 -1 -1 -1
0 1 2 -1 -1 -1 -1 -1 -1 -1
4 2
0 0
1 0
1 1
0 1
0 2 3 -1 -1 -1 -1 -1 -1 -1
0 1 2 -1 -1 -1 -1 -1 -1 -1
4 2
0 0
1 0
1 1
0 1
0 2 3 -1 -1 -1 -1 -1 -1 -1
0 1 2 -1 -1 -1 -1 -1 -1 -1
4 2
0 0
1 0
1 1
0 1
0 2 3 -1 -1 -1 -1 -1 -1 -1
0 1 2 -1 -1 -1 -1 -1 -1 -1
4 2
0 0
1 0
1 1
0 1
0 2 3 -1 -1 -1 -1 -1 -1 -1
0 1 2 -1 -1 -1 -1 -1 -1 -1
4 2
0 0
1 0
1 1
0 1
0 2 3 -1 -1 -1 -1 -1 -1 -1
0 1 2 -1 -1 -1 -1 -1 -1 -1
4 2
0 0
1 0
1 1
0 1
0 2 3 -1 -1 -1 -1 -1 -1 -1
0 1 2 -1 -1 -1 -1 -1 -1 -1
4 2
0 0
1 0
1 1
0 1
0 2 3 -1 -1 -1 -1 -1 -1 -1
0 1 2 -1 -1 -1 -1 -1 -1 -1
4 2
0 0
1 0
1 1
0 1
0 2 3 -1 -1 -1 -1 -1 -1 -1
0 1 2 -1 -1 -1 -1 -1 -1 -1
4 2
0 0
1 0
1 1
0 1
0 2 3 -1 -1 -1 -1 -1 -1 -1
0 1 2 -1 -1 -1 -1 -1 -1 -1
4 2
0 0
1 0
1 1
0 1
0 2 3 -1 -1 -1 -1 -1 -1 -1
0 1 2 -1 -1 -1 -1 -1 -1 -1
4 2
0 0
1 0
1 1
0 1
0 2 3 -1 -1 -1 -1 -1 -1 -1
0 1 2 -1 -1 -1 -1 -1 -1 -1
4 2
0 0
1 0
1 1
0 1
0 2 3 -1 -1 -1 -1 -1 -1 -1
0 1 2 -1 -1 -1 -1 -1 -1 -1
4 2
0 0
1 0
1 1
0 1
0 2 3 -1 -1 -1 -1 -1 -1 -1
0 1 2 -1 -1 -1 -1 -1 -1 -1
4 2
0 0
1 0
1 1
0 1
0 2 3 -1 -1 -1 -1 -1 -1 -1
0 1 2 -1 -1 -1 -1 -1 -1 -1
4 2
0 0
1 0
1 1
0 1
0 2 3 -1 -1 -1 -1 -1 -1 -1
0 1 2 -1 -1 -1 -1 -1 -1 -1
4 2
0 0
1 0
1 1
0 1
0 2 3 -1 -1 -1 -1 -1 -1 -1
0 1 2 -1 -1 -1 -1 -1 -1 -1
4 2
0 0
1 0
1 1
0 1
0 2 3 -1 -1 -1 -1 -1 -1 -1
0 1 2 -1 -1 -1 -1 -1 -1 -1
4 2
0 0
1 0
1 1
0 1
0 2 3 -1 -1 -1 -1 -1 -1 -1
0 1 2 -1 -1 -1 -1 -1 -1 -1
10 8
0 0
1 0
1 1
0 1
0.14 0
0.8 0
0.8 0.77
0.8 1
0.14 1
0.14 0.77
0 8 3 -1 -1 -1 -1 -1 -1 -1
0 9 8 -1 -1 -1 -1 -1 -1 -1
0 4 9 -1 -1 -1 -1 -1 -1 -1
9 7 8 -1 -1 -1 -1 -1 -1 -1
9 6 7 -1 -1 -1 -1 -1 -1 -1
6 2 7 -1 -1 -1 -1 -1 -1 -1
5 2 6 -1 -1 -1 -1 -1 -1 -1
5 1 2 -1 -1 -1 -1 -1 -1 -1
10 8
0 0
1 0
1 1
0 1
0.45 0
0.8 0
0.8 0.77
0.8 1
0.45 1
0.45 0.77
0 8 3 -1 -1 -1 -1 -1 -1 -1
0 9 8 -1 -1 -1 -1 -1 -1 -1
0 4 9 -1 -1 -1 -1 -1 -1 -1
9 7 8 -1 -1 -1 -1 -1 -1 -1
9 6 7 -1 -1 -1 -1 -1 -1 -1
6 2 7 -1 -1 -1 -1 -1 -1 -1
5 2 6 -1 -1 -1 -1 -1 -1 -1
5 1 2 -1 -1 -1 -1 -1 -1 -1
4 2
0 0
1 0
1 1
0 1
0 2 3 -1 -1 -1 -1 -1 -1 -1
0 1 2 -1 -1 -1 -1 -1 -1 -1
10 8
0 0
1 0
1 1
0 1
0.034 0
0.3 0
0.3 0.77
0.3 1
0.034 1
0.034 0.77
0 8 3 -1 -1 -1 -1 -1 -1 -1
0 9 8 -1 -1 -1 -1 -1 -1 -1
0 4 9 -1 -1 -1 -1 -1 -1 -1
9 7 8 -1 -1 -1 -1 -1 -1 -1
9 6 7 -1 -1 -1 -1 -1 -1 -1
6 2 7 -1 -1 -1 -1 -1 -1 -1
5 2 6 -1 -1 -1 -1 -1 -1 -1
5 1 2 -1 -1 -1 -1 -1 -1 -1
4 2
0 0
1 0
1 1
0 1
0 2 3 -1 -1 -1 -1 -1 -1 -1
0 1 2 -1 -1 -1 -1 -1 -1 -1
4 2
0 0
1 0
1 1
0 1
0 2 3 -1 -1 -1 -1 -1 -1 -1
0 1 2 -1 -1 -1 -1 -1 -1 -1
4 2
0 0
1 0
1 1
0 1
0 2 3 -1 -1 -1 -1 -1 -1 -1
0 1 2 -1 -1 -1 -1 -1 -1 -1
28
25 24 23 -1 -1 -1 -1 -1 -1 -1
19 1 0 -1 -1 -1 -1 -1 -1 -1
1 6 3 -1 -1 -1 -1 -1 -1 -1
9 16 10 -1 -1 -1 -1 -1 -1 -1
20 22 21 -1 -1 -1 -1 -1 -1 -1
20 19 22 -1 -1 -1 -1 -1 -1 -1
19 0 22 -1 -1 -1 -1 -1 -1 -1
27 25 22 -1 -1 -1 -1 -1 -1 -1
27 26 25 -1 -1 -1 -1 -1 -1 -1
2 1 3 -1 -1 -1 -1 -1 -1 -1
27 29 28 -1 -1 -1 -1 -1 -1 -1
27 22 0 -1 -1 -1 -1 -1 -1 -1
3 6 4 -1 -1 -1 -1 -1 -1 -1
29 27 0 -1 -1 -1 -1 -1 -1 -1
6 9 7 -1 -1 -1 -1 -1 -1 -1
1 18 9 -1 -1 -1 -1 -1 -1 -1
1 19 18 -1 -1 -1 -1 -1 -1 -1
4 6 5 -1 -1 -1 -1 -1 -1 -1
1 9 6 -1 -1 -1 -1 -1 -1 -1
9 18 16 -1 -1 -1 -1 -1 -1 -1
9 8 7 -1 -1 -1 -1 -1 -1 -1
10 13 12 -1 -1 -1 -1 -1 -1 -1
13 16 14 -1 -1 -1 -1 -1 -1 -1
14 16 15 -1 -1 -1 -1 -1 -1 -1
13 10 16 -1 -1 -1 -1 -1 -1 -1
10 12 11 -1 -1 -1 -1 -1 -1 -1
16 18 17 -1 -1 -1 -1 -1 -1 -1
23 22 25 -1 -1 -1 -1 -1 -1 -1
28
25 23 24 -1 -1 -1 -1 -1 -1 -1
19 0 1 -1 -1 -1 -1 -1 -1 -1
1 3 6 -1 -1 -1 -1 -1 -1 -1
9 10 16 -1 -1 -1 -1 -1 -1 -1
20 21 22 -1 -1 -1 -1 -1 -1 -1
20 22 19 -1 -1 -1 -1 -1 -1 -1
19 22 0 -1 -1 -1 -1 -1 -1 -1
27 22 25 -1 -1 -1 -1 -1 -1 -1
27 25 26 -1 -1 -1 -1 -1 -1 -1
2 3 1 -1 -1 -1 -1 -1 -1 -1
27 28 29 -1 -1 -1 -1 -1 -1 -1
27 0 22 -1 -1 -1 -1 -1 -1 -1
3 4 6 -1 -1 -1 -1 -1 -1 -1
29 0 27 -1 -1 -1 -1 -1 -1 -1
6 7 9 -1 -1 -1 -1 -1 -1 -1
1 9 18 -1 -1 -1 -1 -1 -1 -1
1 18 19 -1 -1 -1 -1 -1 -1 -1
4 5 6 -1 -1 -1 -1 -1 -1 -1
1 6 9 -1 -1 -1 -1 -1 -1 -1
9 16 18 -1 -1 -1 -1 -1 -1 -1
9 7 8 -1 -1 -1 -1 -1 -1 -1
10 12 13 -1 -1 -1 -1 -1 -1 -1
13 14 16 -1 -1 -1 -1 -1 -1 -1
14 15 16 -1 -1 -1 -1 -1 -1 -1
13 16 10 -1 -1 -1 -1 -1 -1 -1
10 11 12 -1 -1 -1 -1 -1 -1 -1
16 17 18 -1 -1 -1 -1 -1 -1 -1
23 25 22 -1 -1 -1 -1 -1 -1 -1
4
0 1 5 26
4 5 6 9
4 5 6 9
0 6 3 -1 -1 -1 -1 -1 -1
0 5 6 -1 -1 -1 -1 -1 -1
4 2 7 -1 -1 -1 -1 -1 -1
4 1 2 -1 -1 -1 -1 -1 -1
5 1 4 -1 -1 -1 -1 -1 -1
5 0 1 -1 -1 -1 -1 -1 -1
3 7 2 -1 -1 -1 -1 -1 -1
3 6 7 -1 -1 -1 -1 -1 -1
2 7 5 24
4 5 6 9
4 5 6 9
0 6 3 -1 -1 -1 -1 -1 -1
0 5 6 -1 -1 -1 -1 -1 -1
4 2 7 -1 -1 -1 -1 -1 -1
4 1 2 -1 -1 -1 -1 -1 -1
5 1 4 -1 -1 -1 -1 -1 -1
5 0 1 -1 -1 -1 -1 -1 -1
3 7 2 -1 -1 -1 -1 -1 -1
3 6 7 -1 -1 -1 -1 -1 -1
3 0 4 3
4 5 6 9
4 5 6 9
0 6 3 -1 -1 -1 -1 -1 -1
0 5 6 -1 -1 -1 -1 -1 -1
4 2 7 -1 -1 -1 -1 -1 -1
4 1 2 -1 -1 -1 -1 -1 -1
5 1 4 -1 -1 -1 -1 -1 -1
5 0 1 -1 -1 -1 -1 -1 -1
3 7 2 -1 -1 -1 -1 -1 -1
3 6 7 -1 -1 -1 -1 -1 -1
4 9 5 23
4 5 6 9
4 5 6 9
0 6 3 -1 -1 -1 -1 -1 -1
0 5 6 -1 -1 -1 -1 -1 -1
4 2 7 -1 -1 -1 -1 -1 -1
4 1 2 -1 -1 -1 -1 -1 -1
5 1 4 -1 -1 -1 -1 -1 -1
5 0 1 -1 -1 -1 -1 -1 -1
3 7 2 -1 -1 -1 -1 -1 -1
3 6 7 -1 -1 -1 -1 -1 -1
