20.5 25.5 
20.5 157.5 
86.5 157.5 
86.5 167.5 
23.5 167.5 
23.5 178.5 
39.5 178.5 
39.5 226.5 
84.5 226.5 
84.5 227.5 
129.5 227.5 
129.5 194.5 
136.5 194.5 
136.5 226.5 
135.5 226.5 
135.5 259.5 
129.5 259.5 
129.5 255.5 
85.5 255.5 
85.5 298.5 
130.5 298.5 
130.5 289.5 
136.5 289.5 
136.5 306.5 
84.5 306.5 
84.5 455.5 
307.5 455.5 
307.5 360.5 
302.5 360.5 
302.5 347.5 
313.5 347.5 
313.5 306.5 
197.5 306.5 
197.5 319.5 
179.5 319.5 
179.5 299.5 
197.5 299.5 
197.5 297.5 
339.5 297.5 
339.5 310.5 
371.5 310.5 
371.5 297.5 
384.5 297.5 
384.5 178.5 
332.5 178.5 
332.5 171.5 
386.5 171.5 
386.5 30.5 
316.5 30.5 
316.5 130.5 
308.5 130.5 
308.5 30.5 
236.5 30.5 
236.5 25.5 
151.5 25.5 
151.5 34.5 
157.5 34.5 
157.5 127.5 
149.5 127.5 
149.5 34.5 
81.5 34.5 
81.5 43.5 
67.5 43.5 
67.5 25.5 
20.5 25.5 
