21.5 40.5 
65.5 40.5 
65.5 28.5 
120.5 28.5 
120.5 10.5 
144.5 10.5 
144.5 25.5 
164.5 25.5 
164.5 39.5 
176.5 39.5 
176.5 67.5 
196.5 67.5 
196.5 96.5 
175.5 96.5 
175.5 113.5 
183.5 113.5 
183.5 149.5 
96.5 149.5 
96.5 237.5 
99.5 237.5 
99.5 182.5 
196.5 182.5 
196.5 212.5 
174.5 212.5 
174.5 230.5 
197.5 230.5 
197.5 258.5 
174.5 258.5 
174.5 268.5 
164.5 268.5 
164.5 279.5 
101.5 279.5 
101.5 291.5 
164.5 291.5 
164.5 289.5 
174.5 289.5 
174.5 333.5 
168.5 333.5 
168.5 343.5 
174.5 343.5 
174.5 347.5 
190.5 347.5 
190.5 379.5 
174.5 379.5 
174.5 385.5 
164.5 385.5 
164.5 406.5 
174.5 406.5 
174.5 407.5 
189.5 407.5 
189.5 439.5 
174.5 439.5 
174.5 443.5 
105.5 443.5 
105.5 448.5 
174.5 448.5 
174.5 459.5 
189.5 459.5 
189.5 492.5 
174.5 492.5 
174.5 511.5 
188.5 511.5 
188.5 521.5 
130.5 521.5 
130.5 514.5 
56.5 514.5 
56.5 521.5 
49.5 521.5 
49.5 463.5 
81.5 463.5 
81.5 435.5 
68.5 435.5 
68.5 209.5 
49.5 209.5 
49.5 174.5 
65.5 174.5 
65.5 140.5 
49.5 140.5 
49.5 139.5 
21.5 139.5 
21.5 40.5 
