0.00195943 0.999844 -0.0175595
-0.999997 0.00192482 -0.00198785
-0.0019541 0.0173814 0.999848
5
2
bedroom
showerroom
8
4463.65 401.273
4463.65 1741.27
8063.65 1741.27
8063.65 -1818.73
7723.65 -1818.73
7723.65 -2498.73
4463.65 -2498.73
4463.65 361.273
-1.700192e+03
9.896225e+02
4 2
0 0
1 0
1 1
0 1
0 2 3 -1 -1 -1 -1 -1 -1 -1
0 1 2 -1 -1 -1 -1 -1 -1 -1
4 2
0 0
1 0
1 1
0 1
0 2 3 -1 -1 -1 -1 -1 -1 -1
0 1 2 -1 -1 -1 -1 -1 -1 -1
4 2
0 0
1 0
1 1
0 1
0 2 3 -1 -1 -1 -1 -1 -1 -1
0 1 2 -1 -1 -1 -1 -1 -1 -1
4 2
0 0
1 0
1 1
0 1
0 2 3 -1 -1 -1 -1 -1 -1 -1
0 1 2 -1 -1 -1 -1 -1 -1 -1
4 2
0 0
1 0
1 1
0 1
0 2 3 -1 -1 -1 -1 -1 -1 -1
0 1 2 -1 -1 -1 -1 -1 -1 -1
10 8
0 0
1 0
1 1
0 1
0.75 0
0.97 0
0.97 0.77
0.97 1
0.75 1
0.75 0.77
0 8 3 -1 -1 -1 -1 -1 -1 -1
0 9 8 -1 -1 -1 -1 -1 -1 -1
0 4 9 -1 -1 -1 -1 -1 -1 -1
9 7 8 -1 -1 -1 -1 -1 -1 -1
9 6 7 -1 -1 -1 -1 -1 -1 -1
6 2 7 -1 -1 -1 -1 -1 -1 -1
5 2 6 -1 -1 -1 -1 -1 -1 -1
5 1 2 -1 -1 -1 -1 -1 -1 -1
4 2
0 0
1 0
1 1
0 1
0 2 3 -1 -1 -1 -1 -1 -1 -1
0 1 2 -1 -1 -1 -1 -1 -1 -1
4 2
0 0
1 0
1 1
0 1
0 2 3 -1 -1 -1 -1 -1 -1 -1
0 1 2 -1 -1 -1 -1 -1 -1 -1
6
2 7 4 -1 -1 -1 -1 -1 -1 -1
4 6 5 -1 -1 -1 -1 -1 -1 -1
2 0 7 -1 -1 -1 -1 -1 -1 -1
2 1 0 -1 -1 -1 -1 -1 -1 -1
2 4 3 -1 -1 -1 -1 -1 -1 -1
7 6 4 -1 -1 -1 -1 -1 -1 -1
6
2 4 7 -1 -1 -1 -1 -1 -1 -1
4 5 6 -1 -1 -1 -1 -1 -1 -1
2 7 0 -1 -1 -1 -1 -1 -1 -1
2 0 1 -1 -1 -1 -1 -1 -1 -1
2 3 4 -1 -1 -1 -1 -1 -1 -1
7 4 6 -1 -1 -1 -1 -1 -1 -1
2
bedroom
showerroom
8
4923.65 -8918.73
4383.65 -8918.73
4383.65 -5518.73
7443.65 -5518.73
7443.65 -6258.73
7883.65 -6258.73
7883.65 -8918.73
4963.65 -8918.73
-1.700192e+03
9.896225e+02
4 2
0 0
1 0
1 1
0 1
0 2 3 -1 -1 -1 -1 -1 -1 -1
0 1 2 -1 -1 -1 -1 -1 -1 -1
4 2
0 0
1 0
1 1
0 1
0 2 3 -1 -1 -1 -1 -1 -1 -1
0 1 2 -1 -1 -1 -1 -1 -1 -1
10 8
0 0
1 0
1 1
0 1
0.05 0
0.28 0
0.28 0.78
0.28 1
0.05 1
0.05 0.78
0 8 3 -1 -1 -1 -1 -1 -1 -1
0 9 8 -1 -1 -1 -1 -1 -1 -1
0 4 9 -1 -1 -1 -1 -1 -1 -1
9 7 8 -1 -1 -1 -1 -1 -1 -1
9 6 7 -1 -1 -1 -1 -1 -1 -1
6 2 7 -1 -1 -1 -1 -1 -1 -1
5 2 6 -1 -1 -1 -1 -1 -1 -1
5 1 2 -1 -1 -1 -1 -1 -1 -1
4 2
0 0
1 0
1 1
0 1
0 2 3 -1 -1 -1 -1 -1 -1 -1
0 1 2 -1 -1 -1 -1 -1 -1 -1
4 2
0 0
1 0
1 1
0 1
0 2 3 -1 -1 -1 -1 -1 -1 -1
0 1 2 -1 -1 -1 -1 -1 -1 -1
4 2
0 0
1 0
1 1
0 1
0 2 3 -1 -1 -1 -1 -1 -1 -1
0 1 2 -1 -1 -1 -1 -1 -1 -1
4 2
0 0
1 0
1 1
0 1
0 2 3 -1 -1 -1 -1 -1 -1 -1
0 1 2 -1 -1 -1 -1 -1 -1 -1
4 2
0 0
1 0
1 1
0 1
0 2 3 -1 -1 -1 -1 -1 -1 -1
0 1 2 -1 -1 -1 -1 -1 -1 -1
6
1 0 2 -1 -1 -1 -1 -1 -1 -1
0 7 2 -1 -1 -1 -1 -1 -1 -1
2 4 3 -1 -1 -1 -1 -1 -1 -1
7 4 2 -1 -1 -1 -1 -1 -1 -1
7 6 4 -1 -1 -1 -1 -1 -1 -1
4 6 5 -1 -1 -1 -1 -1 -1 -1
6
1 2 0 -1 -1 -1 -1 -1 -1 -1
0 2 7 -1 -1 -1 -1 -1 -1 -1
2 3 4 -1 -1 -1 -1 -1 -1 -1
7 2 4 -1 -1 -1 -1 -1 -1 -1
7 4 6 -1 -1 -1 -1 -1 -1 -1
4 5 6 -1 -1 -1 -1 -1 -1 -1
2
bedroom
showerroom
8
6923.65 -4818.73
5523.65 -4818.73
5523.65 -2858.73
7143.65 -2858.73
7143.65 -3358.73
7863.65 -3358.73
7863.65 -4818.73
6963.65 -4818.73
-1.700192e+03
9.896225e+02
4 2
0 0
1 0
1 1
0 1
0 2 3 -1 -1 -1 -1 -1 -1 -1
0 1 2 -1 -1 -1 -1 -1 -1 -1
10 8
0 0
1 0
1 1
0 1
0.091 0
0.45 0
0.45 0.78
0.45 1
0.091 1
0.091 0.78
0 8 3 -1 -1 -1 -1 -1 -1 -1
0 9 8 -1 -1 -1 -1 -1 -1 -1
0 4 9 -1 -1 -1 -1 -1 -1 -1
9 7 8 -1 -1 -1 -1 -1 -1 -1
9 6 7 -1 -1 -1 -1 -1 -1 -1
6 2 7 -1 -1 -1 -1 -1 -1 -1
5 2 6 -1 -1 -1 -1 -1 -1 -1
5 1 2 -1 -1 -1 -1 -1 -1 -1
4 2
0 0
1 0
1 1
0 1
0 2 3 -1 -1 -1 -1 -1 -1 -1
0 1 2 -1 -1 -1 -1 -1 -1 -1
4 2
0 0
1 0
1 1
0 1
0 2 3 -1 -1 -1 -1 -1 -1 -1
0 1 2 -1 -1 -1 -1 -1 -1 -1
4 2
0 0
1 0
1 1
0 1
0 2 3 -1 -1 -1 -1 -1 -1 -1
0 1 2 -1 -1 -1 -1 -1 -1 -1
4 2
0 0
1 0
1 1
0 1
0 2 3 -1 -1 -1 -1 -1 -1 -1
0 1 2 -1 -1 -1 -1 -1 -1 -1
4 2
0 0
1 0
1 1
0 1
0 2 3 -1 -1 -1 -1 -1 -1 -1
0 1 2 -1 -1 -1 -1 -1 -1 -1
4 2
0 0
1 0
1 1
0 1
0 2 3 -1 -1 -1 -1 -1 -1 -1
0 1 2 -1 -1 -1 -1 -1 -1 -1
6
1 0 4 -1 -1 -1 -1 -1 -1 -1
0 7 4 -1 -1 -1 -1 -1 -1 -1
1 4 2 -1 -1 -1 -1 -1 -1 -1
2 4 3 -1 -1 -1 -1 -1 -1 -1
7 6 4 -1 -1 -1 -1 -1 -1 -1
4 6 5 -1 -1 -1 -1 -1 -1 -1
6
1 4 0 -1 -1 -1 -1 -1 -1 -1
0 4 7 -1 -1 -1 -1 -1 -1 -1
1 2 4 -1 -1 -1 -1 -1 -1 -1
2 3 4 -1 -1 -1 -1 -1 -1 -1
7 4 6 -1 -1 -1 -1 -1 -1 -1
4 5 6 -1 -1 -1 -1 -1 -1 -1
2
bedroom
showerroom
12
1303.65 -5418.73
-116.35 -5418.73
-116.35 -3978.73
503.65 -3978.73
503.65 -1778.73
-1716.35 -1778.73
-1716.35 1781.27
3703.65 1781.27
3703.65 601.273
4203.65 601.273
4203.65 -5418.73
1343.65 -5418.73
-1.700192e+03
9.896225e+02
4 2
0 0
1 0
1 1
0 1
0 2 3 -1 -1 -1 -1 -1 -1 -1
0 1 2 -1 -1 -1 -1 -1 -1 -1
4 2
0 0
1 0
1 1
0 1
0 2 3 -1 -1 -1 -1 -1 -1 -1
0 1 2 -1 -1 -1 -1 -1 -1 -1
4 2
0 0
1 0
1 1
0 1
0 2 3 -1 -1 -1 -1 -1 -1 -1
0 1 2 -1 -1 -1 -1 -1 -1 -1
4 2
0 0
1 0
1 1
0 1
0 2 3 -1 -1 -1 -1 -1 -1 -1
0 1 2 -1 -1 -1 -1 -1 -1 -1
4 2
0 0
1 0
1 1
0 1
0 2 3 -1 -1 -1 -1 -1 -1 -1
0 1 2 -1 -1 -1 -1 -1 -1 -1
4 2
0 0
1 0
1 1
0 1
0 2 3 -1 -1 -1 -1 -1 -1 -1
0 1 2 -1 -1 -1 -1 -1 -1 -1
4 2
0 0
1 0
1 1
0 1
0 2 3 -1 -1 -1 -1 -1 -1 -1
0 1 2 -1 -1 -1 -1 -1 -1 -1
4 2
0 0
1 0
1 1
0 1
0 2 3 -1 -1 -1 -1 -1 -1 -1
0 1 2 -1 -1 -1 -1 -1 -1 -1
4 2
0 0
1 0
1 1
0 1
0 2 3 -1 -1 -1 -1 -1 -1 -1
0 1 2 -1 -1 -1 -1 -1 -1 -1
10 8
0 0
1 0
1 1
0 1
0.84 0
1 0
1 0.86
1 1
0.84 1
0.84 0.86
0 8 3 -1 -1 -1 -1 -1 -1 -1
0 9 8 -1 -1 -1 -1 -1 -1 -1
0 4 9 -1 -1 -1 -1 -1 -1 -1
9 7 8 -1 -1 -1 -1 -1 -1 -1
9 6 7 -1 -1 -1 -1 -1 -1 -1
6 2 7 -1 -1 -1 -1 -1 -1 -1
5 2 6 -1 -1 -1 -1 -1 -1 -1
5 1 2 -1 -1 -1 -1 -1 -1 -1
4 2
0 0
1 0
1 1
0 1
0 2 3 -1 -1 -1 -1 -1 -1 -1
0 1 2 -1 -1 -1 -1 -1 -1 -1
4 2
0 0
1 0
1 1
0 1
0 2 3 -1 -1 -1 -1 -1 -1 -1
0 1 2 -1 -1 -1 -1 -1 -1 -1
10
2 1 3 -1 -1 -1 -1 -1 -1 -1
4 6 5 -1 -1 -1 -1 -1 -1 -1
10 4 3 -1 -1 -1 -1 -1 -1 -1
8 6 4 -1 -1 -1 -1 -1 -1 -1
1 0 3 -1 -1 -1 -1 -1 -1 -1
7 6 8 -1 -1 -1 -1 -1 -1 -1
3 11 10 -1 -1 -1 -1 -1 -1 -1
3 0 11 -1 -1 -1 -1 -1 -1 -1
8 4 10 -1 -1 -1 -1 -1 -1 -1
8 10 9 -1 -1 -1 -1 -1 -1 -1
10
2 3 1 -1 -1 -1 -1 -1 -1 -1
4 5 6 -1 -1 -1 -1 -1 -1 -1
10 3 4 -1 -1 -1 -1 -1 -1 -1
8 4 6 -1 -1 -1 -1 -1 -1 -1
1 3 0 -1 -1 -1 -1 -1 -1 -1
7 8 6 -1 -1 -1 -1 -1 -1 -1
3 10 11 -1 -1 -1 -1 -1 -1 -1
3 11 0 -1 -1 -1 -1 -1 -1 -1
8 10 4 -1 -1 -1 -1 -1 -1 -1
8 9 10 -1 -1 -1 -1 -1 -1 -1
2
bedroom
showerroom
6
5463.65 -2738.73
5463.65 -5438.73
4343.65 -5438.73
4343.65 -2578.73
5463.65 -2578.73
5463.65 -2698.73
-1.700192e+03
9.896225e+02
10 8
0 0
1 0
1 1
0 1
0.45 0
0.7 0
0.7 0.78
0.7 1
0.45 1
0.45 0.78
0 8 3 -1 -1 -1 -1 -1 -1 -1
0 9 8 -1 -1 -1 -1 -1 -1 -1
0 4 9 -1 -1 -1 -1 -1 -1 -1
9 7 8 -1 -1 -1 -1 -1 -1 -1
9 6 7 -1 -1 -1 -1 -1 -1 -1
6 2 7 -1 -1 -1 -1 -1 -1 -1
5 2 6 -1 -1 -1 -1 -1 -1 -1
5 1 2 -1 -1 -1 -1 -1 -1 -1
10 8
0 0
1 0
1 1
0 1
0.19 0
0.83 0
0.83 0.78
0.83 1
0.19 1
0.19 0.78
0 8 3 -1 -1 -1 -1 -1 -1 -1
0 9 8 -1 -1 -1 -1 -1 -1 -1
0 4 9 -1 -1 -1 -1 -1 -1 -1
9 7 8 -1 -1 -1 -1 -1 -1 -1
9 6 7 -1 -1 -1 -1 -1 -1 -1
6 2 7 -1 -1 -1 -1 -1 -1 -1
5 2 6 -1 -1 -1 -1 -1 -1 -1
5 1 2 -1 -1 -1 -1 -1 -1 -1
10 8
0 0
1 0
1 1
0 1
0.014 0
0.34 0
0.34 0.86
0.34 1
0.014 1
0.014 0.86
0 8 3 -1 -1 -1 -1 -1 -1 -1
0 9 8 -1 -1 -1 -1 -1 -1 -1
0 4 9 -1 -1 -1 -1 -1 -1 -1
9 7 8 -1 -1 -1 -1 -1 -1 -1
9 6 7 -1 -1 -1 -1 -1 -1 -1
6 2 7 -1 -1 -1 -1 -1 -1 -1
5 2 6 -1 -1 -1 -1 -1 -1 -1
5 1 2 -1 -1 -1 -1 -1 -1 -1
10 8
0 0
1 0
1 1
0 1
0.21 0
0.85 0
0.85 0.77
0.85 1
0.21 1
0.21 0.77
0 8 3 -1 -1 -1 -1 -1 -1 -1
0 9 8 -1 -1 -1 -1 -1 -1 -1
0 4 9 -1 -1 -1 -1 -1 -1 -1
9 7 8 -1 -1 -1 -1 -1 -1 -1
9 6 7 -1 -1 -1 -1 -1 -1 -1
6 2 7 -1 -1 -1 -1 -1 -1 -1
5 2 6 -1 -1 -1 -1 -1 -1 -1
5 1 2 -1 -1 -1 -1 -1 -1 -1
4 2
0 0
1 0
1 1
0 1
0 2 3 -1 -1 -1 -1 -1 -1 -1
0 1 2 -1 -1 -1 -1 -1 -1 -1
4 2
0 0
1 0
1 1
0 1
0 2 3 -1 -1 -1 -1 -1 -1 -1
0 1 2 -1 -1 -1 -1 -1 -1 -1
4
5 3 0 -1 -1 -1 -1 -1 -1 -1
3 2 0 -1 -1 -1 -1 -1 -1 -1
2 1 0 -1 -1 -1 -1 -1 -1 -1
4 3 5 -1 -1 -1 -1 -1 -1 -1
4
5 0 3 -1 -1 -1 -1 -1 -1 -1
3 0 2 -1 -1 -1 -1 -1 -1 -1
2 0 1 -1 -1 -1 -1 -1 -1 -1
4 5 3 -1 -1 -1 -1 -1 -1 -1
4
0 5 4 3
4 5 6 9
4 5 6 9
0 6 3 -1 -1 -1 -1 -1 -1
0 5 6 -1 -1 -1 -1 -1 -1
4 2 7 -1 -1 -1 -1 -1 -1
4 1 2 -1 -1 -1 -1 -1 -1
5 1 4 -1 -1 -1 -1 -1 -1
5 0 1 -1 -1 -1 -1 -1 -1
3 7 2 -1 -1 -1 -1 -1 -1
3 6 7 -1 -1 -1 -1 -1 -1
1 2 4 1
4 5 6 9
4 5 6 9
0 6 3 -1 -1 -1 -1 -1 -1
0 5 6 -1 -1 -1 -1 -1 -1
4 2 7 -1 -1 -1 -1 -1 -1
4 1 2 -1 -1 -1 -1 -1 -1
5 1 4 -1 -1 -1 -1 -1 -1
5 0 1 -1 -1 -1 -1 -1 -1
3 7 2 -1 -1 -1 -1 -1 -1
3 6 7 -1 -1 -1 -1 -1 -1
2 1 4 0
4 5 6 9
4 5 6 9
0 6 3 -1 -1 -1 -1 -1 -1
0 5 6 -1 -1 -1 -1 -1 -1
4 2 7 -1 -1 -1 -1 -1 -1
4 1 2 -1 -1 -1 -1 -1 -1
5 1 4 -1 -1 -1 -1 -1 -1
5 0 1 -1 -1 -1 -1 -1 -1
3 7 2 -1 -1 -1 -1 -1 -1
3 6 7 -1 -1 -1 -1 -1 -1
3 9 4 2
4 5 6 9
4 5 6 9
0 6 3 -1 -1 -1 -1 -1 -1
0 5 6 -1 -1 -1 -1 -1 -1
4 2 7 -1 -1 -1 -1 -1 -1
4 1 2 -1 -1 -1 -1 -1 -1
5 1 4 -1 -1 -1 -1 -1 -1
5 0 1 -1 -1 -1 -1 -1 -1
3 7 2 -1 -1 -1 -1 -1 -1
3 6 7 -1 -1 -1 -1 -1 -1
